Num,Q_1,Q_2,Q_3,Q_4,Q_5,Q_6,Q_7,Q_8,Average
1,0.9035146204910153,0.0,0.22449376101288113,1.0,0.5720584833751724,0.6999784058868984,0.7586516867664251,0.235057555824068,0.5492193141695576
2,1.0,1.0,0.861443529507175,0.09615179702422491,0.7404049165808843,0.4188203348575137,0.4826955766461325,0.7065668527664465,0.6632603759227971
3,0.9423522911553341,0.27054112486174176,1.0,0.9163130152316952,0.7180218079254674,0.7858806437042145,0.040862469154257876,0.2845163329975508,0.6198109606287827
4,0.17229006381096756,0.682159830293262,1.0,1.0,0.9324531336294714,0.7477164716315603,0.8531203237481776,0.40187094307136334,0.7237013457731002
5,1.0,0.9341798883257357,0.6791951816576347,0.7858673366728157,1.0,0.7589918106559201,0.6382277198051909,0.5147392940866793,0.7889001539004971
6,0.45938400119731976,0.6385079864177888,1.0,0.4492658675482948,0.47200088220813674,0.7306604273639297,1.0,0.347274136916785,0.6371366627065319
7,0.8000701662918562,0.6372968838435055,0.8128624214574656,0.6147722995015172,1.0,0.5347652724851916,0.19867584812739555,0.9709324148564271,0.6961719133204198
8,0.02561805882548655,0.39997700712276646,0.219243622149036,0.8000178833489595,0.898061866892711,0.9580693329223436,1.0,0.27997199749773755,0.57261997109488
9,0.7384913556496971,0.23061602263704123,1.0,1.0,0.4221894839443957,0.5750775220910762,0.619036574368345,0.5317536618939883,0.639645577573068
10,0.2833574624908834,0.0,0.9124819031318375,1.0,0.7371633333159879,0.3471491269767232,0.7984673115003585,0.32174493681183886,0.5500455092784536
11,0.6969858573249795,0.196066688289674,1.0,0.8431795037287398,1.0,0.5797084732624255,0.1935985129507927,0.6038397105160918,0.6391723432590879
12,0.3511768613821113,0.06001417854948899,1.0,1.0,0.7422889073233572,0.48618081022078036,1.0,0.23385443926775304,0.6091893995929364
13,0.5309364375079021,0.4934256820137482,0.3807525282379703,0.8697197788740781,0.9207922978231194,0.5728665681692918,0.06375576183727064,0.5705008863523662,0.5503437426019684
14,0.13143116730332297,0.9904196496710739,1.0,0.1916382848027106,0.8556920043988289,0.8276427119851277,0.5293346958485746,0.508959224074673,0.6293897172605389
15,0.11906471671640959,1.0,1.0,0.7612605320863627,0.7602859975962922,0.04816496348750698,0.5875326040157713,0.662990529818882,0.6174124179651531
16,0.3792542852711629,0.5972344499896273,0.8669385752095567,1.0,0.5582470064400435,0.4686146394642191,0.03396603865815963,0.46318524709114955,0.5459300302654898
17,0.0,0.6150020215550616,0.8654097958725109,0.8286923511363407,1.0,0.7904532590104153,0.7399439771192435,0.3789904346847887,0.6523114799222951
18,1.0,0.7175731551313823,0.26502789594220344,0.4429945170328112,0.8140169111352532,0.6400660707690171,0.9899814027051976,0.9437317585395575,0.7266739639069277
19,1.0,0.9179404141006862,0.923660725005509,0.1870162070900088,0.8720072482520053,0.6680354663332017,0.7626330112149325,0.676712536765161,0.751000701095188
20,0.012214121998978719,1.0,1.0,0.9017391764754867,1.0,0.3550983231479905,0.31302170791688194,0.5332306119519931,0.6394129926864163
21,0.20750592130186485,0.653293010679133,0.9085747596752813,1.0,0.3816939296367487,0.97146233313917,0.7206557625224854,0.4144324684247253,0.6572022731724262
22,0.22747261092228763,0.38824782606195885,0.6852282624701865,1.0,0.6977251476287628,0.49513572063360417,0.6294996503466492,0.3388427549184492,0.5577689966227373
23,0.6285798397202165,0.9535032950303225,1.0,0.08094677351985555,0.9094295759096394,0.5418742945773125,0.6884835116831904,0.5513049620317033,0.6692652815590301
24,1.0,0.01256569573358354,1.0,0.3620803475009557,0.765192317416396,0.8033265693661805,0.34089257594752326,0.6054144178593632,0.6111839904780003
25,0.5876157497123252,1.0,0.0,0.170348280567528,0.8454157961177974,0.8382504029946968,0.29993284361244843,0.5473398062272442,0.536112859904005
26,1.0,0.41776816085086177,0.20198747093959984,0.7156205577287491,0.295861282714569,0.8861457582364665,0.9648705917052344,0.46884858647182304,0.6188878010809129
27,1.0,0.5030894583135525,0.9316258253020713,0.49592029599237486,1.0,0.5672654650328769,0.32790199689418237,0.3074700504469415,0.6416591364977499
28,0.29063440014670816,0.6063103527981637,0.2687353367609046,1.0,0.9406382622331102,0.5951753249100941,0.32536191363442735,0.7297127566927742,0.5945710433970228
29,1.0,0.7752195848024223,0.9569178596004948,0.9153887577088272,0.9824719089166443,0.728253471785591,0.7868954762678081,0.6262561858198684,0.846425405612707
30,0.0,0.9938264967038843,0.29721915747722777,0.4414208516960074,1.0,0.6877756138731789,0.6103447287117321,0.3385437835238929,0.5461413289982404
31,0.0,1.0,0.8124086628593709,0.16205045494867398,0.6893361950900034,0.6035551350364133,0.6458637790468765,0.6749870303755494,0.5735251571696109
32,1.0,0.7155914310013501,0.9156223120112456,0.7827398578582144,0.7048040187716716,0.4704565003554577,0.5083304081413216,0.7414534691660406,0.7298747496631628
33,0.496890044664917,0.6529701774434312,0.761919853899415,1.0,0.8054015989838665,0.22597949934755635,0.5168027161635016,0.9521980866751546,0.6765202471472302
34,1.0,0.03257065936793488,0.7320928301921613,0.8375142330702353,1.0,0.9182606491608316,0.6387726821932341,0.47258095846969067,0.7039740015567609
35,0.5494489568820704,0.8758944569069052,0.9708620917337224,1.0,0.5530702572276242,0.5429069239140878,0.27136822313501113,0.2818837345352975,0.6306793305418398
36,0.5112297422305498,0.36676835048332834,0.7732370481729118,1.0,0.5995641612167396,0.9484201406015182,0.5726796287254536,0.540813301623152,0.6640890466317068
37,1.0,0.48489586441151966,0.650273713217747,0.2920434212344494,0.5797810294258023,0.6586186580645961,0.4284052802557181,0.33100672177266394,0.553128086047812
38,0.43076874383998304,0.5856534215334918,1.0,0.6876642027371578,0.7600088518311698,0.7447184468269501,0.45444679474820543,0.8682306677453208,0.691436391157785
39,0.12428334830128322,1.0,0.01795882927179693,1.0,0.868340884770873,0.6768085608685602,0.7688933017466265,0.46932698964126635,0.6157014893250508
40,1.0,0.0,1.0,0.912053739609434,0.6372500857595679,0.4025054754494719,0.9832311785982534,0.2015934873216132,0.6420792458422925
41,0.26162784814622586,0.5712298017051889,0.17732694078600317,0.7739715757237052,0.7363210046881841,0.8275108172539046,0.8517069924744222,0.6095831579743208,0.6011597673439942
42,1.0,0.6689870468783821,0.560864885956729,0.7008534823714492,0.08675291631830617,0.5962973541807326,0.5238026142567326,0.6280560019025835,0.5957017877331144
43,0.2457053627926804,1.0,1.0,0.4199711739494233,1.0,0.14872128577095348,0.2778439295861446,0.7203508722500058,0.6015740780436509
44,0.0,0.7236039060883342,1.0,0.3011204335340186,0.6513247921283272,0.8685159419447087,0.6219134729949787,0.3286993348350906,0.5618972351906822
45,0.3867025085003686,0.7435641447173627,0.6463133475729904,0.6226066206567755,1.0,0.6473297603149327,0.918309174932443,0.6904221723274176,0.7069059661277863
46,0.48390856427246165,0.35383536917478836,0.7620685767956539,0.8873616949749152,0.8350143540958267,0.3648858859296147,0.5680226134783466,0.412592913815158,0.5834612465670956
47,0.5911476697711642,1.0,0.1373895808893265,0.7725682201525577,0.19298667672359215,0.7570025737268135,0.5723472227259214,0.3460524280685852,0.5461867965072451
48,1.0,0.6609831280596077,0.0,0.38408781894103705,0.5367677352685518,0.4514315641234339,0.8565556015482559,0.5594553615925809,0.5561601511916834
49,0.7429578096391891,0.8958311145922325,1.0,0.5491778270800857,0.9426124111173592,0.6652748218008243,1.0,0.5485070728477067,0.7930451321346745
50,0.4256532034786653,1.0,1.0,0.8190462662582288,0.38295485249068933,0.31064555575740854,0.4917836404678606,0.7193303924145412,0.6436767388584242
51,0.7399498908390247,0.859347754413289,0.634690939513116,0.9240253815763352,0.15737138749714302,0.8421716084244549,0.9382980891599441,0.4103792257165254,0.6882792846424791
52,1.0,0.23437947623025648,0.6548752749834066,0.3852942830771984,0.615979565321591,0.7953924349306631,0.7186631636949549,0.941998659779444,0.6683228572521893
53,0.8604644342694914,1.0,1.0,0.7622576859516075,0.6837213394383052,0.8160544389597346,0.6505338508965052,0.5083543910767298,0.7851732675740467
54,0.290584264964341,1.0,0.19528857444637113,0.9806428048792174,0.45959678945812266,0.4736984899537783,0.35157047518454293,0.4938528971379101,0.5306542870030354
55,1.0,1.0,1.0,0.5996101962960427,0.873479699621065,0.6732301180595965,0.41452275292839397,0.784751268712419,0.7931992544521895
56,1.0,0.34244943530178695,0.4504342288136175,0.40038598116766033,0.652681476509798,0.8229510427551434,0.8161223307377393,0.5886496508357567,0.6342092682651879
57,0.7456072544730463,0.8118189251869683,0.5886745907176569,0.7129600752139822,0.6290603274258744,0.8258057087673595,0.4394639308376416,0.7501743209041442,0.6879456416908343
58,0.8575768145933759,1.0,0.13574137983368778,1.0,0.21683996949789064,0.9879437728758697,0.9515357817430368,0.7099576577030783,0.7324494220308674
59,0.33241351761505633,1.0,1.0,0.8069835885518365,1.0,0.23131582173104037,0.5299384792610023,0.23132454600868138,0.6414969941459521
60,0.6583424366480971,1.0,1.0,0.9223819853205715,1.0,0.7117198095983036,0.4173186060392644,0.3077228476256551,0.7521857106539864
61,1.0,1.0,0.2473159779359854,0.8243957135253167,0.7390934576622085,0.8549029578623029,0.5356223330443648,0.8993949943868721,0.7625906793021313
62,0.45026342647809803,1.0,0.5319200052493638,0.9382371730585632,0.8461116779740779,0.9865413770446343,0.4281418547899082,0.4310364741931007,0.7015314985984682
63,0.20396261091339962,0.7659910260227798,0.26647822702285767,1.0,0.5359941992104023,0.8819102912854309,0.6665616710777894,0.6341464766962913,0.619380562778619
64,0.6998208346928141,0.6962562391511984,0.847712855661222,0.5820273306178125,0.8453676437158301,0.759165999031941,0.8674719644254318,0.5874926158855421,0.7356644353977241
65,1.0,0.7889575329788011,0.01988356943019368,0.7450969264148852,0.4323099532832145,0.5350566087521629,0.5298495104294814,0.4627210655422422,0.5642343958538726
66,1.0,0.7242321252409114,0.6447079591442852,0.5748618878839413,0.35125599201346003,0.271832066148696,0.565317598750645,0.8008696810027939,0.6166346637730917
67,1.0,0.6018008761203223,1.0,0.7265678414460088,0.8103521789855711,0.9119142726681854,0.9098667961909666,0.2585698736822819,0.777383979886667
68,1.0,1.0,0.26441380509395035,0.5845487844918411,0.5114941537203388,0.5580084570350172,0.6548378485867907,0.5207884312758438,0.6367614350254728
69,0.7119092230380875,0.2791363445946081,0.9757744225960633,0.841563814582527,0.8979391918755044,0.6940934236088643,1.0,0.5280215490681489,0.7410547461704755
70,0.0,1.0,1.0,0.3276169814134458,0.05153028946190158,0.9477954912574498,0.33454655417739904,0.6006217114041593,0.5327638784642945
71,0.7716372583889585,1.0,0.9398983177000315,0.01593215106910906,0.9015249294658103,0.4994172640586195,0.41007000732101717,0.4219039004109152,0.6200479785518076
72,0.14701599477328492,0.9454166473371842,1.0,0.5127135170897413,1.0,0.4252750243793305,0.6887554584863622,0.533437462686034,0.6565767630939922
73,0.9976889098086935,0.7622103847143534,1.0,1.0,0.46801349046731305,0.7497091610177407,0.29158776071178505,0.7180380963569801,0.7484059753846082
74,0.9358950824795945,1.0,0.9713246440887039,0.922181192707108,0.8389391391512809,0.28490814807291465,0.5032137894056982,0.6566646157306251,0.7641408264544906
75,0.9490512281818705,0.7701114409927055,1.0,0.7700318819744262,0.8343635650934589,0.5630356703316405,0.7882343135969426,0.4907987919162712,0.7707033615109143
76,0.7874512946870509,0.270150083841,0.7494637586245049,0.7336871424934135,0.9608949413112999,0.5815211876030109,0.3016241884340856,0.6295961255372005,0.6267985903164457
77,0.9357487532183444,0.09633176009326919,0.8677498229198848,1.0,0.5025601670554454,0.24635623300979587,0.9644128985969632,0.3395953701480296,0.6190943756302165
78,0.9306216368921427,1.0,0.4270337723308926,0.6739729383342775,0.6272657642809539,0.2986890914643663,0.6809579783166491,0.691416763224242,0.6662447431054406
79,0.5170847735199935,1.0,0.8481866679898661,0.8522987487552983,0.4737176980144908,0.4064029588181163,0.413154722092546,0.39630891232140963,0.6133943101889652
80,1.0,0.6554477873398664,0.5475973793567024,0.8816047811112019,0.5720456698606275,0.6237730253880288,0.795148000051864,0.5385543558973828,0.7017713748757092
81,0.0,1.0,0.5284624868593377,0.9740271009191264,0.46064045458657277,1.0,0.4814160100399067,0.6140444369178345,0.6323238111653472
82,0.9718333118974808,0.23337447069421743,0.885988947139465,0.14145804235049644,0.6169000128615115,0.7995170227291981,0.6207037043369737,0.40778328978205153,0.5846948502239243
83,0.8076175210249129,1.0,1.0,0.7708841838396185,0.8388875581759849,0.8238216042117402,0.363429633184201,0.6502821236045818,0.7818653280051299
84,1.0,0.0,0.9118830966083197,0.9003347592634416,0.9136312013280834,0.30062847842742746,0.33480149534379705,0.2576007496997728,0.5773599725838552
85,0.8282836746498791,1.0,0.8582025331369052,0.9461276640055961,0.45229080771052393,0.8258216229811043,0.22259553055103848,0.7287812893434737,0.7327628902973151
86,1.0,0.79837374379726,1.0,0.07680980673254119,0.7193530858871098,0.6046413775643819,0.20051637192904923,0.6541059224341962,0.6317250385430672
87,1.0,0.9139979693727516,0.7938054669829877,0.8742168165608449,0.5029648470093112,0.8608771008443096,0.6295968667758222,0.6815321694848827,0.7821239046288637
88,0.9247952008089972,0.158351930779514,0.5395975680513352,0.9607396982675577,0.4435965589227889,0.8492372479813326,0.32847246451352713,0.4965502396475708,0.5876676136215779
89,0.25873377269444814,0.17097212598501785,0.9802753860993598,0.994626434143746,0.5383846837401164,1.0,0.8823280780776547,0.5978830078004685,0.6779004360676013
90,1.0,0.7749057106931944,1.0,0.890159542369283,0.5717231703824934,0.7450402423261915,0.4834375319902385,0.4312263383549847,0.7370615670145482
91,0.9680738101573656,0.43334498951041056,0.43332313417839075,0.6505694214171763,0.5727182837681457,0.9450814830142135,0.7105470717240852,0.4869586334493857,0.6500771034023967
92,0.8018050640171998,0.7778624388261477,0.168310427678553,0.8111753074281466,1.0,0.7642634533026353,0.8579399156895863,0.5827674110039457,0.7205155022432769
93,1.0,0.8735338307745147,0.10688394923765826,0.9658479546987998,0.6181200573882214,0.7055267109897965,0.4316484030052789,0.6185520458972584,0.665014118998941
94,1.0,0.7810419287547438,0.7005420235089214,0.5515804943372845,0.07080616385164523,0.7186205518790675,0.8139400265624618,0.8320836048060075,0.6835768492125165
95,0.4592120509989704,0.32137897084786954,0.6845269766628721,0.24409140866335752,0.6319433178581724,0.5764731743569657,0.70447267255199,0.8242510981422669,0.5557937087603081
96,0.9015009279673706,0.20226667920561792,1.0,0.0,0.5137739081630874,0.6223176543808076,0.4127138632770736,0.3354284051795122,0.4985001797716837
97,0.9626903480567505,1.0,0.9078690142356239,1.0,0.6349897229686213,0.5419536723901233,0.35449934565219826,0.6979674782435138,0.7624961976933539
98,0.7527758681764645,0.39978192239366056,0.4570836306337395,0.6648160878823571,0.6633993350829342,1.0,0.6476201083350789,0.8178821573593937,0.6754198887329536
99,0.9082894152047198,0.2498641123438672,0.7218819431999213,0.5811488927574084,0.5786069022640635,0.8787499323761945,0.5302518992876569,0.39905143420743505,0.6059805664551584
100,0.24635667509260487,0.9673404557185225,0.21474511935037394,0.8874854814976125,0.25770168891969036,0.8987261588464701,0.35522204088212656,0.2719035211351366,0.5124351426803172
101,1.0,0.838157482639863,0.929990851456707,0.9399141863425619,0.515662058004388,0.8654166544719868,0.8697076370615845,0.6485534827475984,0.8259252940905861
102,0.708573768955383,0.2336327711921533,0.6174195217140828,1.0,0.6044243114046295,0.8448968191414525,0.23230981302919365,0.3746324255095449,0.576986178868305
103,1.0,0.06656156687690802,1.0,0.2975868565380012,0.6562558584748879,0.5360003182890819,0.08434160129366837,0.5841491550487982,0.5281119195651682
104,0.398397935782086,0.3154326089106422,0.9773678922621506,0.24990187396381422,0.7731343112056,0.6642190328131157,0.637798606062005,0.42927486616368327,0.5556908908953871
105,0.6431781375184114,0.8780833760139466,0.9561222248562633,0.7378812416543926,0.33791070279465746,1.0,0.46011354047622766,0.8343960864479717,0.7309606637202338
106,1.0,0.5108645323731859,1.0,0.7051076600950859,0.520259230232582,0.8345613961416717,0.23684844444928219,0.6971098999965127,0.68809389541104
107,0.33661908192932355,1.0,1.0,0.1706119000470733,0.6174326337768254,0.6990006771693831,0.242626211913381,0.37372450553660985,0.5550018762965746
108,0.9299875741434612,0.8448114292838668,0.3341141514287539,0.9626328897777642,1.0,0.6265021406161723,0.7850062129282694,0.5781755377413256,0.7576537419899518
109,0.11807448223755401,0.7316897367765468,1.0,0.5383294792167186,1.0,0.5101770458915162,0.5279893058137162,0.7926864653033233,0.6523683144049219
110,1.0,0.714091271477042,0.7437205227241747,1.0,0.5735038987603706,0.3442886184282609,0.5735200287470432,0.6022798850363371,0.6939255281466535
111,0.9721535186378999,0.9512306553041503,2.5000000000025006e-5,1.0,0.5987365401037653,0.814651729728654,0.6672375425325999,0.4658555134942773,0.6837363124751684
112,0.9352261073058907,0.12359969918263049,0.9891812381472168,0.013749220975236814,0.938088000213527,0.9864142624421685,0.9892967367509194,0.33344113182494056,0.6636245496053164
113,0.18386993792573378,1.0,0.6072242252345679,0.511882680033472,1.0,0.6390646658266145,0.8189778749699385,0.6951897212886484,0.6820261381598719
114,0.9462384587626032,0.7537697650704969,0.7908333358478679,0.7895848020331007,1.0,0.7906243991682768,0.7686343037088769,0.2774502342880195,0.7646419123599052
115,1.0,1.0,0.0254061964868102,0.7476449659884135,1.0,0.6200969431683946,0.41539889262220875,0.4300683901441083,0.654826923551242
116,0.8310888145047509,1.0,1.0,0.489692285917918,0.7013467112971494,0.7870123931283483,0.8685347131505344,0.5352195064161748,0.7766118030518595
117,0.4181516021281001,0.3990750299821453,0.2073121394936227,0.9022458624452528,0.8706474790124982,0.8803793430336974,0.8716607566109089,0.38224843713674395,0.6164650812303712
118,1.0,0.8251384054954923,0.6994655140767465,1.0,0.7635624768987156,0.24669875700614619,0.750254994911206,0.7118126939657107,0.7496166052942521
119,1.0,1.0,0.5138872305939853,0.43579009826177434,0.7919194288422806,0.8447647589575494,0.7859806332888498,0.6453986055488683,0.7522175944366635
120,3.3333333333366674e-5,1.0,0.7930640319159615,0.9854686844532298,0.38708255125270025,1.0,0.43736062721739405,0.6759318179075753,0.6598676307600242
121,0.6599522740220733,0.9822850255668254,0.1300357944834449,0.6077103015221805,1.0,0.5795728826191686,0.4754704530167269,0.4139505300455249,0.6061221576594931
122,0.7522276198754813,0.6701155295734993,0.3590093959222732,0.5649876503131572,0.6334209156798306,0.5458955482365118,0.5631342206515443,0.5248377092364621,0.5767035736860949
123,0.646150127842487,0.28076927551128106,0.909418330921404,0.7358999147716754,0.7428926616199234,0.9923405840462134,0.4281457096710785,0.926533128501981,0.7077687166107555
124,0.07914040186841101,0.8216825009434647,0.7205535812811825,0.41414035416782047,0.8515473512163452,0.7982210205440535,0.7145257475151539,0.4720829526569065,0.6089867387741672
125,0.8261284299362875,1.0,1.0,0.05761597189184423,1.0,0.6227465146329191,0.36578476797475185,0.4007687382504935,0.659130552835787
126,1.0,0.5035094617166636,0.8796979352267335,0.04989680777163467,0.8911191648920171,0.7801080293956075,0.5474971869676202,0.12407181099168418,0.5969875496202451
127,1.0,0.8805253957466471,0.66860616357027,0.69813975222526,0.8616755503255338,0.7383946613719351,0.33225815763269834,0.7261535481152405,0.7382191536234481
128,0.586762177500152,1.0,1.0,0.847769646663944,0.4883443819663974,0.6013883230640202,0.686570596374324,0.3835825637174031,0.6993022111607801
129,0.7971069309439,0.0,1.0,1.0,0.72173584143366,0.6486242722365905,0.7538682979189524,0.3003704712895773,0.652713226727835
130,0.7902918282535356,0.3908695196535873,1.0,0.807101484713877,0.8571300918924515,0.8061314908316851,0.2987101028436562,0.41055013704209886,0.6700980819038614
131,0.11330437586885336,1.0,1.0,0.5164996923056948,0.7784662198944183,1.0,0.4526254719074687,0.6501588327498858,0.6888818240907902
132,0.7728290589322192,0.6187161454913491,0.942238328530764,0.5913588079347428,0.16370974053237938,0.9806014843257531,0.4697503081187567,0.5898510140395731,0.6411318609881922
133,0.96878168366742,0.6489015480500484,0.62456190286029,0.6495077737953601,0.42842404293758934,0.5594936396219781,0.7323008556506515,0.8221007613842678,0.6792590259959506
134,0.9559710411825078,0.31391797324706877,0.6752832177086013,0.6887349195267959,0.4496497163715744,0.39581656064622606,1.0,0.349763990998955,0.6036421774602162
135,0.6382113855879001,0.8476679203232411,0.5688671021176349,1.0,0.8303555355326075,0.3760132718019451,0.8165033113377577,0.8691224984546985,0.7433426281444732
136,0.6312447623409111,0.7976757002978913,1.0,0.6885637551626249,0.8758951143865719,0.5372540690704085,0.7533910361777219,0.888383567894409,0.7715510006663174
137,1.0,0.1541119428570294,0.7896427385254439,0.40930485745838924,1.0,0.7243961800430131,0.8174449109711912,0.5811761840740828,0.6845096017411436
138,0.22353232853947377,0.20444906408682179,1.0,1.0,1.0,0.41937615997987154,0.4240771619173506,0.5088625489902467,0.5975371579392205
139,0.5857782856707096,2.857142857145715e-5,1.0,0.8202509454100005,0.9470776478711768,0.8734869888235998,0.6215788183056191,0.18064535797594525,0.6286058269357029
140,0.4284342726265498,0.14105275043597076,0.30367429553008723,0.8836993132510729,0.8422874112696828,0.44171521201022096,0.76978293645311,0.28530114955131064,0.5119934176410006
141,0.9777598727462987,1.0,1.0,0.5299089502310198,0.928716740604395,0.8549413325933876,0.56360026148064,0.9804055237532578,0.8544165851761248
142,1.0,1.0,0.9324140660721545,0.9117543391276076,0.5968932931264792,0.7966108459633257,0.9359309687270273,0.35244185541558415,0.8157556710540222
143,0.07907677036835167,0.46725884213616775,1.0,0.9354835230761249,0.12727378490447555,0.8322115442179897,0.3224395348674516,0.884118679762557,0.5809828349166398
144,0.9431861118152909,0.5423010527674886,0.37520454660813224,0.42628955051386674,0.6708056721083853,0.7421267313977453,0.7784069440923546,0.24916985656161333,0.5909363082331095
145,1.0,1.0,1.0,0.2744185548326454,0.5143250208089964,0.8663848187732903,0.6887218058243023,0.5833363704260248,0.7408983213331575
146,0.3648105229633552,1.0,1.0,0.9401863781723965,0.8858740398992826,0.6893023839907151,0.4053997191610293,0.48565942505786874,0.721404058655581
147,0.0,0.3114258860844157,1.0,1.0,0.9490078002703047,0.7252368007568353,0.9390111229329499,0.5864660942105793,0.6888934630318856
148,0.6483640211273105,0.9502355623761276,0.11732368694091293,0.5407783474564453,0.7022037766079744,0.8736196248396491,0.350032713311197,0.6409516518093399,0.6029386730586196
149,0.8992095854512064,1.0,1.0,0.9559712522205743,0.9926011708738175,0.5007301996111823,0.006890663155928802,0.49201990230883325,0.7309278467026928
150,1.0,0.0,0.9105205171252487,0.8936237686167325,0.6177332851373241,0.3806437376116666,0.9617592862290786,0.5556003346770347,0.6649851161746356
151,0.23681738912545622,0.9845150555930494,0.944712436425824,0.8686828644659766,0.9319729946860276,0.2795990362168059,0.7481230392441652,0.64030479046475,0.7043409507777568
152,0.5984695528037071,1.0,1.0,0.8760845807354525,0.6082219743183576,0.4914604612452087,0.5527637377137786,0.44557362563173336,0.6965717415560299
153,1.0,0.8067167301594109,0.6245128846029611,1.0,0.2693893329739139,1.0,1.0,0.574316848204185,0.7843669744925588
154,1.0,1.0,0.12105948186683509,0.28826772844118803,0.8442448977260943,0.8287211009081433,0.5674978212116337,0.5385120449201206,0.6485378843842519
155,1.0,0.0,1.0,0.8092824881812101,0.4937070968743649,0.5721750142906191,0.2408001540784182,0.7755078671638815,0.6114340775735617
156,0.01799959248087457,0.8809023696019699,0.7064570582770089,1.0,0.9780093764203968,0.7844520014757237,0.6375666839175865,1.0,0.750673385271695
157,0.0,0.9170224315743972,1.0,1.0,0.7494871164164285,0.6973194080957718,0.38768749148282616,0.2225755415169651,0.6217614986357987
158,0.5143664921568074,0.17083663459715143,0.9310850073624635,0.41405817495713576,0.8033166790902424,0.7322646572961339,0.3906891901436205,0.21390128345586923,0.521314764882428
159,1.0,0.13643991020910304,0.9166348899243659,0.15930081163371076,1.0,0.6137210581492604,0.39770502618901155,0.6134848150899744,0.6046608138994283
160,1.0,0.7800181219061285,0.8791577424224469,0.5406847258027089,0.922891359167384,0.35307519896202316,0.5500732516804213,0.5681761382114877,0.6992595672690751
161,1.0,0.44244320648272095,0.7100679052106226,0.7819402931288235,0.5774889014575981,0.6199506143922745,0.35236053770084025,0.561559816632518,0.6307264093756747
162,0.4659720947339986,1.0,0.8921822256173721,0.8335124663665634,0.35762393907511486,0.8959157197076075,0.968404513452937,0.5307112715604566,0.7430402788142563
163,0.9543587163468953,1.0,0.6398306338487756,0.9724582044739745,0.847583451879236,0.37445697392518545,0.4393919447753717,0.20807262054617445,0.6795190682244515
164,0.21379781226820715,0.3938708528433699,0.6221390442229427,0.6130017509075976,0.9809680077853623,0.7868984473772981,0.7348573981044962,0.43061269747404396,0.5970182513729148
165,1.0,0.6963378137202272,0.3719913673349292,0.6505209712992895,1.0,0.7832608477866211,0.9107076427496386,0.3646599962454536,0.7221848298920199
166,0.8351707817370783,0.39063707644797263,0.9170499101679956,0.10335774355028624,0.9335650762613763,0.5974424110994447,0.8803207502312141,0.7004461335264665,0.6697487353777293
167,0.6116239443031182,0.09763779064154869,1.0,1.0,0.14020073547871048,0.8936596667437537,0.6435587226520016,0.3128649421515398,0.5874432252463341
168,1.0,0.9387869759116619,1.0,0.7281337627739023,0.9122633502548242,0.4211376542115807,0.656903461048256,0.7226439101452683,0.7974836392931868
169,0.0,0.981796173445856,0.9211998314044565,0.43835842940381037,0.6806422339853376,0.6812712083922347,0.4320715485635321,0.44633866959309393,0.5727097618485402
170,0.677523409668801,0.10250041170666263,0.1436600951166052,0.658825994158925,0.44362479602202326,0.9456227614518111,0.3395268618515785,0.3822068507117847,0.46168639758602387
171,0.14994409828499128,0.9105037617516948,0.2658092084672673,0.9677462591185668,0.4511792526645106,0.7175729383227542,0.7516052714669714,0.2718030079475549,0.5607704747530389
172,0.11842994422881041,0.8685745535906462,1.0,0.9335007252944095,0.9109969665673935,0.9345509698774662,0.36913862574150913,0.1794846170952499,0.6643345502994356
173,0.27251340392782053,0.8468876728810303,1.0,0.9934028216700846,0.7387816739877601,0.7885809593180055,0.6219262752542312,0.5307442382628703,0.7241046306627252
174,0.6155040735083296,0.17146047525430166,0.9373548763441019,0.887005367396369,1.0,0.6307466953474482,0.4672897689249134,0.43221084042308516,0.6426965121498186
175,0.027345436260605798,0.7236892466743188,0.5305376893995177,0.34930087305686075,1.0,0.6023033364703033,0.6179339384955252,0.5524612278956631,0.5504464685315993
176,1.0,1.0,0.9851452957952143,0.815631079166268,0.9465039378614993,0.7708095641923299,0.31832421588116216,0.2405996378951346,0.7596267163489511
177,1.0,0.8881398077380348,1.0,0.4203357050926397,1.0,0.6806584737608039,0.7357593267265398,0.8139500188223215,0.8173554165175425
178,0.5142839619911115,0.9296373602690298,0.9722683567934679,0.22501011723758946,0.6184171409501027,0.35809040516817653,0.8608801776560961,0.41584309693126337,0.6118038271246047
179,1.0,1.0,1.0,0.5901055906422419,0.9898293120694684,0.7205812134692732,0.5102870703164084,0.373536601265492,0.7730424734703606
180,0.5711968595661869,0.6788759072996936,0.6966023553253595,0.5027433144256757,0.6923371421840637,0.3537593433899279,1.0,0.7140773014079226,0.6511990279498536
181,0.8070425096307159,1.0,0.16711898362132238,1.0,0.4813549301311579,0.6589788919068236,0.6898546209869433,0.45454982900727603,0.6573624706605299
182,0.6237148186025161,0.1731938397263992,0.7541454556513287,0.17898982040048408,0.16352548291932112,1.0,0.7228884230620702,0.7190019001786032,0.5419324675675903
183,1.0,0.38936126186104514,0.45156565335616955,0.42456950189550746,0.7146702454366934,0.8959988186845017,0.44976604925140296,0.6235543944758875,0.6186857406201509
184,0.40509802097159625,0.31259545428204893,0.7451738269950618,1.0,0.8386876186090978,0.5599118110557834,1.0,0.5287439336977549,0.6737763332014179
185,0.080404089135148,0.4775398633212604,0.23803293060364436,0.973848210448067,0.7190394841347527,0.29412419145158153,0.3335209423849551,0.914805306851721,0.5039143772913913
186,0.3456568694861689,1.0,0.9281032613254738,0.9958018239044085,0.9136142940110925,1.0,0.3590392476274828,0.5845805021603406,0.7658494998143709
187,0.5386965376251533,0.6989302032303729,0.28124607720797506,0.7356927120693961,0.9399819459763432,0.738908351367465,1.0,0.3394826629071694,0.6591173112979845
188,1.0,0.5482504760687005,0.3359801562020763,0.8077284139470934,0.7712250354041262,0.8306040891408736,0.3044688996023788,0.5446592931146104,0.6428645454349823
189,0.8095961795465688,0.4070608418562787,0.7451438287202077,0.8238504731756968,0.43388911350250636,0.688291951032754,0.27981799872804586,0.788250372814633,0.6219875949220863
190,0.040199628030295385,1.0,0.8660092723961026,1.0,0.7218547249132592,0.7698093507244702,0.25040820860556146,0.45215559976002606,0.6375545980537143
191,0.6128888802351985,0.8330319131171994,0.23188858595991038,0.4126832723396812,0.8322666718588811,1.0,0.8026852325497562,0.6032891655627025,0.6660917152029161
192,0.19835890166265507,0.07531855408607664,0.6500483939923329,0.7076907376665716,0.7406803171199722,0.5539072262379725,0.7638514119451254,0.3844270236228436,0.5092853207916938
193,0.7035549561621645,1.0,0.6223031275905074,0.1426448018673552,0.6744038771790295,0.6587961902919595,0.2380255174739633,0.6379438691995628,0.5847090424705679
194,0.497493075194858,0.5567501632884759,0.5549317505386874,0.8350046165367615,0.65605459956905,0.9411096019831287,0.6765466871037892,0.23755905949602787,0.6194311942138473
195,0.0,0.7050818953778456,0.2813480740665592,0.5627140813727868,0.7126728347082936,0.7290493735993436,0.6339222238194029,0.3530916641524296,0.4972350183870827
196,0.8192163511539684,0.7110039051284123,0.37484743924236513,0.841588777163133,0.8386444874184963,0.8993607035958151,0.5868625788781744,0.3319950778335815,0.6754399150517433
197,0.9647964960159243,0.8466762467537522,1.0,0.5564414090698435,0.3463757037445926,0.7583632237515295,0.6919375348350361,0.4310506654839192,0.6994551599568247
198,0.6675888387739942,0.14909769103592493,1.0,0.3969616450344253,0.2643225058723542,0.5956980691206931,0.40365647529226406,0.47424390158563073,0.4939461408394108
199,0.3737752866051723,0.6069986144225396,1.0,0.7402882310918342,1.0,0.28978405216385955,0.6362420974408314,0.32719743483843233,0.6217857145703338
200,1.0,0.6206736163390913,1.0,1.0,0.6313497334885904,0.6523319021727061,0.696395530532521,0.5564907427782602,0.7696551906638961
201,1.0,0.8484670859544154,0.336550405975601,0.8443679827487433,0.1953920498243944,0.7339848387975352,0.5985200913654158,0.6206226266969611,0.6472381351703832
202,0.35158803445596853,0.9088091391565428,0.6383595986897109,0.2729759740125432,0.7706246163519775,0.8263428946316238,0.5066276904844311,0.407287015904473,0.5853268704609089
203,1.0,0.570490311525627,0.4221910029840473,0.5687399434541173,0.43559059651026966,0.3643236441521944,0.3812377718324184,0.40199241863367274,0.5180707111365433
204,0.1121688407595726,1.0,0.7661912918717955,1.0,0.3915207474134653,0.7397231105592578,0.9306064164922884,0.39512228133554966,0.6669165860539911
205,0.31286846962559256,0.0,1.0,1.0,0.7409959819803541,0.41003995244680685,0.48107493192425793,0.4947461552724186,0.5549656864061787
206,1.0,1.0,0.019019901027934886,0.8427434058184864,0.22846933491167648,0.5158189858438951,0.5976854393246205,0.25549194481721715,0.5574036264679789
207,0.7529468297663868,0.6561741674370435,0.56028987767521,0.6844507142077403,1.0,0.24804706878694016,0.88740954193418,0.9150255455040818,0.7130429681639479
208,1.0,0.8226762375810444,0.6821862114796553,0.35669977450823737,0.9030278123533453,0.5992352501211239,0.7780362004406235,0.5706528493771899,0.7140642919826524
209,0.37087398430181023,0.7021102250479945,1.0,0.9233165620698944,0.9857225212382772,0.9585742921690963,0.29644716348518246,0.4528752343918899,0.7112399978380182
210,0.15710090067274735,1.0,1.0,0.12514983231441434,1.0,0.8309216124557132,0.6109339927993791,0.7110440974595353,0.6793938044627237
211,1.0,0.14581653135344558,0.8608274400850636,1.0,0.7593122747874873,0.6710616877827711,0.6480142185996499,0.3961176388597391,0.6851437239335196
212,0.8433134315724844,1.0,1.0,0.23688668532859428,1.0,0.8970927120038773,1.6666666666683334e-5,0.6498545350425176,0.7033955038267674
213,1.0,1.0,1.0,0.22951460629163095,0.5439116690997257,1.0,0.6874995174152987,0.34309103680358727,0.7255021037012803
214,0.7469666838120503,0.23708562741873324,0.47847967956526477,0.9620084138662852,0.8744676572032658,0.7022280943952347,0.8798944935512725,0.5664796695093564,0.680951289915183
215,0.4731600603879819,0.09088419942110801,1.0,0.7027830639140658,0.9939913194536532,0.9691854216065553,0.9215264562437058,0.3654298834181628,0.689620050555654
216,0.7532411562230797,1.0,0.6359587563850498,0.872424452491582,0.9654864530322155,0.816413914787411,0.9004302474052449,0.46010270169204825,0.8005072102520789
217,1.0,1.0,0.7397240291392038,0.5833119917032097,0.7345811038090044,0.3227551749880012,0.2716037518325003,0.41378490026068304,0.6332201189665752
218,0.689216785171302,0.843886600923662,0.09755453176975572,1.0,0.7957523561960269,0.8753283752861144,0.48344786668126866,0.5583637279284214,0.6679437804945689
219,0.07886820751973427,0.480573133646483,1.0,0.300424817840641,1.0,0.3805281829372407,0.5725432049179289,0.355473626961572,0.52105139672795
220,0.36900998736814816,0.8755995830666599,0.448568582345111,0.6175022391933739,0.32603493053003946,0.6917596272208583,0.5405278831630828,0.19811255597665603,0.5083894236079912
221,0.6817836282231621,0.733289414762945,0.20367511980513567,0.955520032236291,0.551632501448436,0.84422114922188,0.8932971371981057,0.4742200992689857,0.6672048852706176
222,0.3641927904698264,0.8358060269991818,1.0,1.0,1.0,0.5551815497004818,0.34693229848557056,0.47836984012467754,0.6975603132224671
223,0.7606099931537218,1.0,1.0,0.6946802794365493,0.9115635458879897,0.4281286653920286,0.4015340306225045,0.5397926853823195,0.7170386499843892
224,0.21962045924267493,0.11685459434885305,1.0,0.8633153468963433,1.0,0.7732128977219922,0.5206199913578259,0.46651489225188914,0.6200172727274473
225,0.5118549737328986,0.603054103282714,0.4517384153241142,0.946050994926012,0.6815629555839943,1.0,0.3077423170705558,0.6329623413661912,0.64187076266081
226,0.28879252643085795,0.8589382444384078,0.4375016899375508,1.0,0.24421080853351207,0.7039741949514158,0.5755515045987024,0.22601739560148776,0.5418732955614919
227,1.0,1.0,0.6236343359962135,0.8363519219500183,0.3172708340380434,0.2762762707510927,0.6645729426925374,0.4639394843602615,0.6477557237235207
228,0.6593924240922793,0.3480447990253659,0.9166137834528758,0.34782421232644384,0.6343310544265458,0.4935939074188557,0.7184389666013038,0.33983683939811743,0.5572594983427235
229,0.2670819065094745,0.4432687574729644,0.3283332695887043,0.10652742443100141,0.4652219173623485,0.8975758039354877,0.49409051037662755,0.4236163675826884,0.42821449465741207
230,1.0,1.0,0.09377277245328706,0.48758556282735777,0.8365197511756289,0.4222718269237771,0.693116770343488,0.8001461403800361,0.666676603012947
231,0.6690179775402011,0.9511110026326879,0.5125674435318089,0.8359316482968199,0.621891138029276,0.8897138035753835,0.6948568057117035,0.7186325370439374,0.7367152945452272
232,0.5943280596681552,1.0,0.790699507963922,0.6604606231182265,0.7988504189271286,0.6177650685305712,0.32021954996028884,0.36836351856485516,0.6438358433416435
233,0.4756291030235088,0.9864355989853836,0.6872858143209597,0.24055123516552748,0.4836776004751603,0.898162360139155,0.7258485937299849,0.5807202850190152,0.6347888238573368
234,0.7210398105499468,0.864815843768861,0.615045175783633,0.5710784037523428,0.9808024872003503,0.7108128382552253,0.7116806125350966,0.9053430039893937,0.7600772719793563
235,0.2317001050142283,1.0,0.5718968077114709,1.0,0.8795732399268099,0.5965387683707445,0.8278897364804447,0.34177942320577737,0.6811722600886845
236,1.0,0.8030027906071608,1.0,0.9932766925416597,1.0,0.2808605712001093,0.4109428576775217,0.572819129125626,0.7576127551440096
237,1.0,1.0,1.0,0.5904970837498145,0.36022796607676655,0.5613106798041348,0.41384583939592684,0.5220153962010236,0.6809871206534583
238,1.0,0.8179238187960699,0.5227748272956191,1.0,0.8387266634213758,0.564744863940636,0.8226455664389389,0.5402845557483359,0.7633875369551221
239,0.08214559947030317,0.7390356360047995,0.7365351728608245,1.0,0.4640771788858497,0.6322941875739683,0.7030434351910021,0.7516072395658779,0.6385923061940781
240,0.304625232652143,0.8236918854520913,0.7969311033977827,0.48230023507692177,0.782224586782643,1.0,0.7205119737164566,0.201532599114382,0.6389772020240526
241,1.0,1.0,0.6510601680609491,0.7634675127380273,0.6159744597678646,0.24023104812146004,0.5700212835267795,0.4143515154252626,0.6568882484550429
242,0.26121323103918037,0.3807320452644076,1.0,0.936802705464682,0.9270723721496845,0.23881122101474475,0.22430436914048807,0.3547270175214878,0.5404578701993343
243,0.7531575218470463,1.0,0.7962156024604552,0.10482618923947302,1.0,0.019036574878313187,0.8734212390764771,0.27427290382435776,0.6026162539157652
244,0.2941743358820618,1.0,0.2465921539873701,1.0,1.0,0.7750077202938785,0.8796017663610385,0.6140554189819826,0.7261789244382915
245,1.0,0.4511236464070352,0.5218337568373453,0.6028509334863813,1.0,0.6246661478650664,0.7671835055585655,0.33146885258119313,0.6623908553419484
246,1.0,1.0,1.0,0.8618609255601041,0.7778444823778189,0.7029031705880673,0.6183423842331505,0.3797383198125211,0.7925861603214577
247,0.37801443348421165,0.10662620721856071,0.4985780124819019,0.903382108889954,0.6458736024340328,0.5222270880775488,0.753049365633566,0.802549918847579,0.5762875921334194
248,3.3333333333366674e-5,0.9884653115795768,0.9408703027714541,0.9694563091745176,0.9682731617330381,0.7689781598082296,0.4916417846160083,0.22276027982003496,0.6688098303545241
249,1.0,0.8803545259741505,0.6686984980883055,0.7746090141744553,0.6139890462457961,0.13346970156328214,0.5437220568624843,0.6166872299960019,0.6539412591130594
250,0.4988647334452016,0.5048772153629275,0.9597535250166921,0.9964977287272876,0.6227676886746769,0.8605326811326824,0.9406625552069513,0.6073801742611171,0.748917037728442
251,0.7904339816570349,0.9536440651099526,0.8632693456147644,0.696214071632276,0.494549185240703,0.5824577636696265,0.5917057280984215,0.5481104947481297,0.6900480794713636
252,0.920672883869537,1.0,0.6064492997230384,1.0,1.0,0.5076819796637051,0.6677361309391768,0.16644117454128865,0.7336226835920933
253,1.0,0.44932010647534154,0.9078471907434534,1.0,0.19675878460015145,0.7041381373277134,0.7742012602604483,0.7124230092678707,0.7180860610843725
254,0.7983281613538451,0.5991594674759411,0.35329908440390784,0.7722517931878913,0.7959398809090001,0.8872914048139581,0.3207911545468209,0.5591189264748884,0.6357724841457816
255,0.45526703939413604,1.0,0.03447194009270974,0.6646057435191972,0.04376073249705348,0.7741834104229799,0.29976723048028864,0.5045319253818161,0.47207350272352266
256,0.23846378712975153,0.9404817864849216,1.0,1.0,1.0,0.8192248295673913,0.5561924921203806,0.3430386833921978,0.7371751973368302
257,0.9554772974653375,1.0,0.7181288589422794,1.0,0.669263738736422,0.706103292291634,0.5036556611392573,0.23581868524964594,0.723555941728072
258,1.0,0.0,0.3762675880365885,0.557394236890537,0.7331960496469514,0.8627144814279356,0.5172319179248545,0.7348720238504283,0.5977095372221619
259,0.868643830251679,0.5876253702845494,1.0,0.9486340895862527,0.758336532306225,0.6867816303581504,0.861410783620036,0.6949300626734453,0.8007952873850422
260,0.08438625509522013,1.0,0.8642569655500297,1.0,0.8335601854805552,0.6412498076445462,0.8931870350746066,0.3684165658485087,0.7106321018366832
261,0.3245137794783045,1.0,0.10049932457694145,0.0,0.8884852339940822,0.9754813927380324,0.7359123376265525,1.0,0.6281115085517391
262,0.259215335538839,0.40841516015634544,1.0,0.9074357383750472,0.9675066975382598,0.4166124932334772,0.7261252307907519,0.8985429655259005,0.6979817026448276
263,1.0,1.0,0.6501550140961169,1.0,0.49517559348250983,0.5883743512884477,0.3062725094807246,0.5529792721715314,0.6991195925649164
264,0.8758237454677618,1.0,0.17613118969676858,0.412311526664716,0.14112187826410494,0.6158608652087387,0.2069623677183665,0.8650044251687254,0.5366519997736479
265,1.0,1.0,0.44052780500509175,0.842519151877731,0.6119704548662785,0.6926043991339013,0.8620039168553344,0.284273856271005,0.7167374480011678
266,0.2559366165184207,0.14079052262623215,0.07952010112994083,0.7358615182779441,1.0,0.30590682989330886,0.6053688538714109,0.35558127939500606,0.434870715214033
267,0.9377167243749897,0.015988632010719272,0.6093466157746538,1.0,0.2658688103023053,0.5692369977715951,0.7354217314945152,0.836438434903851,0.6212522433290787
268,1.0,0.42092809733693576,0.7048378763443864,0.3392781465157166,0.6013109059875411,0.5282809912648275,0.8200954001006276,0.4943014645839269,0.6136291102667453
269,0.9739964754175333,0.8080946807962247,0.5166982989021741,0.5239015106335749,0.6516098933542421,0.7605830553438734,0.3914783889978492,0.4853862512864114,0.6389685693414854
270,0.5228748979516302,0.059673851078463035,0.42842851135072896,0.8460899142973207,0.7980321304861483,0.822173704738772,0.3982976847638859,0.40649491844335167,0.5352582016387876
271,0.6425487048989459,0.6714108550222512,0.5506647895174807,0.5415530563608508,1.0,0.8584100983192666,0.5568013540155365,0.6080594192115928,0.6786810346682406
272,1.0,0.17318867118404202,1.0,0.8029438913519665,0.8699925441420392,0.4657412375979981,0.823646126189117,0.3318911337901084,0.683425450531909
273,0.07494485087517952,1.0,1.0,1.0,0.5774135545372089,0.558211659122348,0.9513087366778372,0.6351946380190319,0.7246341799039506
274,1.0,0.7372488995242021,0.8719352881564139,1.0,0.47459623978719234,0.23056091539186133,0.5435712697894372,0.77990384737139,0.704727057502562
275,0.09660784164249314,0.2963984357528657,0.20992547341379678,0.4425237821922562,0.942521094972994,0.5795845067381444,0.4041997215185652,0.4700616802331324,0.430227817058031
276,1.0,1.0,0.6516179365010805,0.2250111908570302,0.9225896668296464,0.893319497093316,0.4439379996349741,0.23774369436256848,0.6717774981598269
277,1.0,0.5832541453073461,0.6635902364005801,0.6672600216412417,0.4671089163325004,0.1246550428344292,0.5318098517291936,0.6742145860291877,0.5889866000343098
278,0.9576701149485468,1.0,0.8097377703542912,0.9029988505727068,0.452209783716567,0.0,0.39498912446846884,0.5066058400612453,0.6280264355152282
279,0.457082850577184,0.046861644405718106,1.0,1.0,0.7323052852939066,0.3639120732178149,1.0,0.3928199470422127,0.6241227250671046
280,0.8977209029445007,0.0,1.0,0.6704461889528617,0.19689070721942398,0.8426120617447304,0.9857060723538611,0.35511319824171744,0.6185611414321369
281,0.09227853174405184,1.0,0.8422717726443563,1.0,0.7639489075882372,1.0,0.7538506838944949,0.6611745569428407,0.7641905566017475
282,1.0,1.0,0.0,1.0,1.0,0.39866167107276407,0.6471069546590726,0.4646821251781659,0.6888063438637504
283,1.0,1.0,1.0,0.5081949131237147,0.785388595806219,0.5756604283336185,1.0,0.6912483511210504,0.8200615360480753
284,1.0,0.2984385675058781,0.1329747784326284,0.19680499357076378,0.7771003047490708,0.9390982738519383,0.2762566052175935,0.5235140779889078,0.5180234501645976
285,0.496096738901485,0.5848275044998218,1.0,0.599856557624042,0.9459033063771285,0.835254719016398,0.38104739312002694,0.44254071473143936,0.6606908667837927
286,0.7142215756623077,0.30727731483130655,1.0,1.0,0.7482734692298604,0.8939005622759969,0.8575803061050843,0.6328185736537424,0.7692589752197873
287,1.0,0.8677886392578383,0.9150069349790926,0.9461032157219974,0.3165743169401736,0.6461738776436055,0.702123293766261,0.44505455470326566,0.7298531041265293
288,0.7528254680155754,0.0,0.5274128386095215,0.7105524277241445,0.33440860961619273,0.7527906628294389,0.5449563441581122,0.7591609012807433,0.5477634065292161
289,0.4865737011706672,0.4968553707215583,1.0,0.12078793161536448,0.9914893638558089,0.7273066793047993,0.9547999718327497,0.39039716799303714,0.6460262733117482
290,0.8270127160151686,0.9217803125785643,0.02116151303190109,0.947085433997225,0.5805398943438712,0.6072595859552299,0.6716463903527914,0.7008604272844665,0.6596682841949022
291,0.5226811315467983,0.6117675424613497,0.3447262197209998,0.15154591230213432,0.7217627202770551,0.7665415095781458,0.8178437200815218,0.3977092027602612,0.5418222448410333
292,0.8516551486235951,0.15976036664716428,1.0,0.7623131984780004,1.0,0.9849617378343553,0.2272557081401272,0.8230478030037729,0.7261242453408769
293,0.9285057093983071,0.6272158365538694,0.8906423315385289,0.0,0.4197166688823764,0.9901944418058629,0.6171426500219463,0.6863071848539664,0.6449656028818571
294,0.28101671005358875,0.8854346525816906,0.6622866779708655,0.6685172222675984,0.8270956774763427,0.5962979637891341,0.5477627880557312,0.2691852932463061,0.5921996231801571
295,0.44093567155915525,1.0,1.0,0.6513531844814966,1.0,0.9076069678830205,0.7601575583309808,0.06740031953441179,0.728431712723633
296,0.9775755939837057,0.44721288047630464,0.057778311381965354,0.8052893340928434,0.9556267720407214,0.38492067218236553,0.947459153055489,0.7324530706248933,0.663539473479786
297,0.32772912806515503,0.5048036045155814,0.7492965919441233,1.0,0.7844165677739096,0.7340195779121399,0.5330481804786508,0.6522851358029317,0.6606998483115614
298,0.0,1.0,0.2819352929245751,1.0,0.024344249396796025,0.4480264891502772,0.39657405438272236,0.5634992725681599,0.4642974198028163
299,0.2839010230966055,0.1460077642592071,1.0,0.8796286966302493,0.2234929044909173,0.4007301908211736,0.897089246257569,0.43649586097772236,0.5334182108166806
300,0.3766657872501328,0.6600983056788698,1.0,0.7162551572967442,0.9395708156875862,0.1278104219429161,0.8594429643089153,0.39250235967888153,0.6340432264805057
301,0.7165683669306001,0.4034204839837733,0.32261878955749274,0.8095429380816468,0.8711652300355068,0.7407509144029185,0.5426471959248725,0.39335720530813995,0.6000088905281189
302,1.0,0.9788093690825465,0.5293974461232022,0.8759314098831897,0.5132821626144248,0.20289676158781236,0.9495321804281099,0.5968236121984087,0.7058341177397118
303,0.16490014271750889,1.0,0.7176532415055143,0.46978057835650155,0.637964273129718,1.0,0.9115501622512573,0.43942356739138827,0.6676589956689861
304,0.4470832080730204,0.4118062518805177,0.9549537458183386,0.6693880548044789,0.8510111926382578,0.3204152651657114,0.6066916624175684,0.30944334108769594,0.5713490902356986
305,0.7477496785010909,1.0,1.0,0.6220439931450911,0.8968235029557816,0.8051449834290352,0.32963682850852105,0.6812327963863579,0.7603289728657348
306,1.0,1.0,1.0,1.0,1.0,0.12549926193857877,0.8966358806525735,0.5699055408962507,0.8240050854359254
307,0.9684074678107965,0.923729255898096,0.7316182159267657,0.9462865411669493,0.8750004495544818,0.5939904735193935,0.8447870314336516,0.44108859085993535,0.7906135032712587
308,0.4075828939871823,0.6536024210694805,1.0,0.8949447373418786,0.7613280995876499,0.8362955460683652,0.5737139085478618,0.4083197198383651,0.691973415805098
309,0.0,1.0,1.0,0.9295877145606476,0.5996560218425845,0.399989239791816,0.9826039966124183,0.4341449024523196,0.6682477344074733
310,0.47772911246372113,0.7606840433991108,1.0,1.0,0.911427326334216,0.5771175458543855,0.8566677628806937,0.5499900299167925,0.7667019776061149
311,0.13872045199779526,0.08417800281219318,1.0,0.4980008651865535,0.6954964866041919,0.7998286794886734,0.33767086034637617,0.6667336424523451,0.527578623611016
312,0.0,1.0,1.0,0.5750688594781556,0.14075693782460347,0.24950144503582397,0.42321385583775883,0.4725453336853667,0.4826358039827136
313,1.0,0.5670825615239667,0.43605710581934515,1.0,0.791724328297835,0.8191481322665983,0.9637144859796902,0.7746501293498553,0.7940470929046614
314,0.8441476289303738,0.7255911567140323,1.0,0.6450309412249444,0.6420861903001773,0.5473086408985023,0.9380512961616135,0.716778167847921,0.7573742527596955
315,0.7097873635102336,0.8064775209207079,1.0,0.6882751173296887,0.6730804692845507,0.7494411503378645,0.4943091643061807,0.742254563405169,0.7329531686367994
316,0.15994286895381765,0.5081824207992418,1.0,0.8581867671851643,0.8929845880683159,0.49946637935434857,0.9315869398290972,0.5791922883979471,0.6786927815734917
317,0.8654554609721015,0.5670572114087885,0.9364083474173798,0.4604638494886047,0.8669536757727564,0.386325342726834,0.4966912201213332,0.26693044885104833,0.6057856945948558
318,0.0,0.7801507686844197,0.9200017857529654,0.5128881774160348,0.6064694091893957,0.17219651296360688,0.5215585803735523,0.6261527472289444,0.5174272477011149
319,1.0,1.0,0.18318404959378842,0.5405931970764652,0.9057063828670129,0.7948115573460341,0.7754667639539423,0.4022860704085083,0.700256002655719
320,1.0,1.0,1.0,0.7053955494430703,0.45677632792423456,0.6068888681750341,0.4300792860265451,0.6811479046860309,0.7350359920318643
321,0.8062148730457658,0.15519461903234957,0.34266771480954333,0.4668296871032794,1.0,0.556695910348807,0.9366977789008921,0.41654389747100373,0.5851055600889552
322,1.0,1.0,1.0,0.7005698316231177,0.8130287455032154,0.6743148848399848,0.6595239201977229,0.6148591334068523,0.8077870644463616
323,0.0,1.0,0.9698384807260877,0.3652855539754908,0.4254674054402238,0.31952735520318726,0.7064689594630073,0.4532503072233285,0.5299797577539157
324,1.0,0.37989234406709366,0.8000349940779626,0.7175986127137527,0.6304685072274052,0.5830681374271443,0.8164833591779755,0.8131792145002681,0.7175906461489502
325,1.0,0.01679577449590749,0.9379559252761365,0.954133406915181,0.21165993047606801,0.6619506556454832,0.8199803305136093,0.7317215638652078,0.6667746983984492
326,0.9818995933332613,1.0,0.694230240138264,0.5522343494792938,0.8799369572061845,0.9995922576165769,0.17690954309180368,0.861678671889908,0.7683102015944114
327,0.0,0.5744652251821613,0.9648148268388375,1.0,0.5101884016400743,0.7647829280130131,0.7414258575670062,0.38191814007099184,0.6171994224140105
328,1.0,0.27140149483100606,0.3102404278383266,0.4990734155100924,0.3343581635240761,1.0,0.3059255357511792,0.34580234628030854,0.5083501729668736
329,0.3474767260555086,1.0,0.4416644950443496,0.6800021979121076,0.20036323417315705,0.5919107063596167,0.4007528772897561,0.6289681700406798,0.5363923008593969
330,1.0,1.0,0.8503574385333208,0.9335688820764874,0.4363122629688554,0.4198526928283957,0.6930560514078937,0.5075292354855088,0.7300845704125578
331,0.7977956527176496,0.8085118063175228,1.0,0.7229891368679444,0.7257007569587589,0.6063615251194118,0.5217524768661006,0.5301263265204635,0.7141547101709814
332,0.7572050931071616,0.4511178990391726,0.4830044815970596,0.7093293753613241,0.7257165469923235,0.8446463725579166,0.4689849374270159,0.36372190159065504,0.6004658259590787
333,0.42555652162803714,1.0,0.7960839872106423,1.0,0.6776145649126977,0.6731780538750494,0.6155236256392267,0.24981071471987162,0.6797209334981907
334,0.5401804529735225,0.6094462573638291,0.9728298459777294,2.222222222224445e-5,0.8758917282158862,0.8406438474756721,0.631353235740341,0.645368663127932,0.6394670316371417
335,0.0,0.33884235082451303,0.3065288360485114,1.0,0.4325481830061101,0.9832463363988806,0.2802071010663858,0.4232341423882289,0.47057586871657875
336,0.6639790115340508,1.0,1.0,0.3378778739312484,0.7811226556574647,0.4726303167793465,0.8323305898329615,0.4359765616588973,0.6904896261742463
337,1.0,1.0,0.9820609475549105,0.6566592206373842,0.744670842523189,0.36659988579539377,0.7701800779085565,0.46465756911893397,0.748103567942296
338,0.7642767275447049,1.0,0.22372369589679958,0.4642079746800347,0.3094001369070748,0.4583979954242224,0.8027696375663165,0.6047300271329895,0.5784382743940177
339,0.8235862381790892,0.17035148484474844,1.0,0.6516396478372981,0.6935659556935242,0.23671543695191122,0.40415451083260245,0.7180733614120268,0.5872608294689001
340,0.8738040308696242,1.0,0.4126777999559795,0.9309542119323475,0.9678677747930905,0.46126087517416836,0.36352362052048487,0.906850865016604,0.7396173972827872
341,0.6278829795623734,0.6468465941317196,0.29462121103819505,1.0,0.6145938464207221,0.9220936646994944,0.7930445401763453,1.0,0.7373853545036063
342,0.29027005184791843,0.5183977436903651,0.7161320486238432,0.1160957985169458,0.7871215794167443,0.8008251716486194,0.2592093935055347,0.5794449105962581,0.5084370872307786
343,1.0,0.9752029653085011,0.812747786561669,0.5216401283085718,1.0,0.9994976807675197,0.5811022759537133,0.5386354930040238,0.8036032912379999
344,1.0,0.4785039367824514,1.0,0.6406776989999617,0.7338799914133656,1.0,0.5627891800634592,0.5728510564647774,0.748587732965502
345,0.33622463297287764,0.18439187275993996,0.7790987126935546,0.883821965529918,1.0,0.19772380928185,0.8153868960462624,0.5232439940873967,0.5899864854214749
346,0.4744761611244902,0.9320362676694074,0.5078739664440648,0.7953028081375199,0.6937008268447481,0.7180215130268683,0.6243350438098012,0.7633231511685128,0.6886337172781767
347,0.5573215271297746,1.0,1.0,1.0,0.8528268202478836,0.8347796512347743,0.6192018570397941,0.33334669075800416,0.7746845683012789
348,1.0,1.0,1.0,0.0,0.7289144077822768,0.507131293136862,0.2771109444440777,0.1946703079070824,0.5884783691587874
349,0.6864631150003885,0.8257884264459813,0.3860181196095523,0.8015267507218189,0.5198516983745377,0.6343084013493464,0.3844798382585865,0.3640871824758763,0.5753154415295111
350,0.18255051904234876,0.025531828616557978,0.7077834302107141,1.0,0.2446942615533157,0.3186743183625023,0.7859481543810031,0.4911561372969194,0.46954233118292016
351,0.44968667334555346,0.6150876265058527,0.3694691374496261,0.5663201580401496,0.96487524918461,0.48753382207931967,0.6997754695402184,0.21736514110712182,0.5462641596565565
352,0.7603692757914597,1.0,1.0,0.565837606757699,0.7570209940275213,0.8702960508775369,0.5746496856526259,0.5009357123611308,0.7536386656834967
353,0.22662780514482267,0.0510287474550191,0.8017928712366994,1.0,0.9953719892893714,0.7981322412591287,0.334763230162142,0.403528877992308,0.5764057203174364
354,1.0,0.6818708957306073,0.9812310202678973,0.6565391535340609,0.9616808302770913,1.0,0.7435056218910311,0.6003310941825992,0.8281448269854109
355,1.0,0.8943333048081938,0.637682052441567,0.8749166412193473,0.8326072109414429,0.39620111849049633,0.781845868554588,0.3004939482219353,0.7147600180846962
356,0.2412860900518311,0.4272802413645178,1.0,1.0,0.1205087798840826,0.2978310663495006,0.6055166928051192,0.943105797323278,0.5794410834722912
357,0.7020365287470567,0.8239512289757606,0.44162144770149786,0.5063253651866351,0.6454040090422136,0.8884527231626301,0.6776339359884596,0.6628007601470108,0.668528249868908
358,0.06216721374035737,1.0,1.0,0.48984773928662756,0.39721093799285817,1.0,0.3924885752497021,0.3001023499063649,0.5802271020219888
359,0.714838156611991,1.0,0.41378424363377403,0.9065943516926669,0.33497581974457014,0.8217165338958573,0.19086601224280197,0.26904491923441565,0.5814775046320096
360,1.0,0.9798530989165503,0.7790332643657935,0.7875716236346405,0.2299990561672377,0.6186472632842598,0.5276580822396832,0.7726884377872147,0.7119313532994225
361,0.4752698261729235,0.7949306220232297,0.7473703723522029,0.9884470450852682,0.5021037021182376,0.8735011074346826,0.8374246834050901,0.4452190648107651,0.7080333029253001
362,1.0,1.0,0.1610942457298613,1.0,0.5584549867072971,0.6427498083639901,0.7464068270205053,0.6912554191557437,0.7249951608721746
363,0.9858926146017221,0.8261773176067291,1.0,0.5438330756148552,0.5258594858877571,0.7072418135663014,0.5893320781856366,0.6343802640830395,0.726589581193255
364,0.2928430032531737,1.0,1.0,0.06979394564731858,0.866174678903146,0.9610404160761213,0.2553063494562251,0.40889897701261835,0.6067571712935753
365,1.0,0.40528966827301705,0.9763588276107056,0.9120246762510656,0.548502086792071,0.41791573358703415,0.5137861264252037,0.01843876192318939,0.5990394851077858
366,0.19545315357710388,0.6648216817780801,1.0,0.924835955209197,0.203073826089617,0.6348410519280789,0.8205206856294534,0.37100046238119894,0.6018183520740912
367,0.32816757635784344,1.0,0.9238502898743011,1.0,0.7128524705719064,0.4252771985601891,0.6414784690372328,0.44426484634275415,0.6844863563430283
368,0.0,0.6670256401538313,0.4788525648653977,0.5331048719020651,0.9503649009363071,0.4269901306478628,0.629160208226671,0.5710465414121714,0.5320681072680382
369,0.9492462750828355,1.0,0.8311202605780031,1.0,0.9319215766201261,0.22200183223310585,0.2275125916368806,0.8410908450594892,0.7503616726513052
370,0.4728793824328786,1.0,1.0,1.0,1.0,0.6696171730891324,0.4789513849117232,0.6294884757933247,0.7813670520283824
371,0.8434740259514406,0.4862837951766917,0.8109715519266478,0.9096007402152919,0.44470192204240866,0.8723648576148325,0.719162540840006,0.7733062138135317,0.7324832059476065
372,1.0,0.5439449713982295,0.8864322639962446,0.5325571717154581,0.5881633629551819,0.672705794628225,0.8564297125368197,0.6896660035604331,0.7212374100988239
373,0.1568580894880924,0.9120708813514478,0.7697654464223135,0.9508613239188815,0.8554183378908964,1.0,0.6008755394892211,0.26314909340851883,0.6886248389961716
374,1.0,1.0,0.935515251604471,0.483045852843666,1.0,0.6707633842186189,0.754023092356633,0.5154362990887967,0.7948479850140232
375,1.0,0.5002784428587703,0.8333613798260023,0.16504719890249447,0.5026252849768882,0.9558704736252317,0.782215506180712,0.31258221741348013,0.6314975629729473
376,0.5452805299376455,1.0,1.0,0.9682151108974459,0.859317713701645,0.35097442088796116,0.9881776947241935,0.9243474666130944,0.8295391170952482
377,1.0,0.867569195360585,0.9564175877470938,0.9544240402062415,0.46066068884082556,0.6689741494016269,0.5338079826885664,0.9186079351741333,0.7950576974273841
378,0.6928601575618046,0.601276010302519,0.8976310153982491,0.6434900807472834,0.5321467271573704,0.8145353321958232,0.21405741699403966,0.7301062423172419,0.6407628728342915
379,0.045275441065396424,0.33014090824367576,1.0,1.0,0.7831432042993547,0.7408206718315333,0.3058034481525198,0.43690089853441677,0.5802605715158622
380,0.1069161487057213,0.0726823242843257,0.2787178369353574,0.8748450153334904,0.781198917502598,0.7557452209999358,0.6896763615761817,0.33499434378295967,0.4868470211400713
381,1.0,0.0,0.6558052896810923,0.3115904799386625,0.2845467688702716,0.61774065475938,0.513117281120012,0.5791851585436533,0.49524820411413395
382,1.0,1.0,0.6387173282964368,0.26558459706983395,0.8409931824666736,0.6563323253692435,0.5899172821447037,0.3934972067251613,0.6731302402590067
383,0.26891498063619884,0.9979420461918249,0.3030637499430243,0.8996666603193542,1.0,0.35680545923958745,0.6895864287064378,0.40432558292264836,0.6150381134948845
384,1.0,0.292817037035215,0.5036250090944255,0.8833645267503881,0.44102502997836746,0.6964493185175178,0.4003630694048914,0.7912810424338862,0.6261156291518364
385,1.0,0.0,1.0,1.0,0.6510437702347586,0.8302765166205134,0.5603614902823388,0.6496913626887006,0.7114216424782889
386,0.1962732000930621,0.29577527254403313,1.0,0.5883834619278829,0.9168208105709227,0.2119810812991611,0.9044903693408812,0.8736915589535743,0.6234269693411897
387,1.0,1.0,0.03454950487539674,1.0,0.7678616401116528,0.7459502985411902,0.8380851048353319,0.278590057551224,0.7081295757393494
388,1.0,1.0,1.0,0.6669136287362516,0.6183552256310828,0.26509021193379734,0.4963525347664745,0.6594766975723214,0.713273537329991
389,1.0,1.0,1.0,1.0,0.424806217482713,0.2506703229627332,0.72496566912046,0.750536550758229,0.7688723450405168
390,0.7902184228465846,0.7028804457931875,0.4621780503448408,0.12058838284354549,0.5878971102247388,0.6783902015791673,0.8548907885767077,0.5349403282913213,0.5914979663125116
391,0.15947938911360882,1.0,0.3061458793930425,0.6067973165187456,0.8421088540472689,0.5375000008053763,0.6042647369005902,0.4676085738097933,0.5654880938235533
392,0.8192785196773176,0.8870573191298895,0.3585942476924773,0.4211776406767527,0.6134572386642024,1.0,0.8046594432570714,0.5012386220147459,0.6756828788890571
393,0.04115513891624345,0.2226606167319607,1.0,0.868487295689691,0.9328633109340164,0.8745785938169225,0.4736345282327317,0.4130778930928104,0.6033071721767971
394,0.20554782586602965,0.4744429597102894,0.8428572887391795,0.6947350145285013,0.7017399346016479,0.8454989127955815,0.2411474537239914,0.31673123760376315,0.540337578446123
395,0.17438702928831706,0.8294769036302551,0.7534431275212371,0.9665567393406886,0.2866126721536544,0.7266355451521078,1.0,0.6696690461963345,0.6758476329103242
396,0.2645066932980519,0.5477369955440832,0.953883916625163,0.9903288711346323,0.7667578379723025,0.3594219651554822,0.6665341282279785,0.4661615680107249,0.6269164969960523
397,0.4380212376526342,1.0,0.337184929651381,0.973283510703098,0.1269147132268994,0.9322672696538951,0.36339437105231454,0.6129890757023848,0.5980068884553259
398,0.19632504619753466,0.9476825528041316,0.26153392584247415,1.0,0.8043266654924469,0.8208719366713519,0.7424609019449906,0.44521550154834005,0.6523020663126589
399,0.42358057085759154,0.7235575494566098,1.0,1.0,0.5301014845402093,0.5863671597618879,1.0,0.7387855538273101,0.7502990398054511
400,1.0,0.48267372137757514,0.7311438760464017,0.9372696398571174,0.8821720978990929,0.7212155618536986,0.548635299875918,0.05527284058209368,0.6697978796864871
401,0.7099030207073503,1.0,0.23417616164841534,0.7530453895952669,0.3291386693927929,0.8055723406201181,0.34409730674587874,0.5945152843250766,0.5963060216293623
402,0.1476187759713976,0.4530467205485286,0.6814581790359783,1.0,0.5548334567712173,0.37637055023112176,1.0,0.7802108660531991,0.6241923185764303
403,0.5191752653638925,0.8980052055823629,0.0,0.2682994784768985,0.8884960907816644,0.6103603237203146,0.32630260402670647,0.5196846118120116,0.5037904474704814
404,1.0,1.0,0.2572037492715757,1.0,0.7851191425882222,0.5941380236000856,0.42490146072303403,0.47746389882800705,0.6923532843763656
405,0.6611655066225848,1.0,0.4035674596211667,0.7741363917069846,0.40792997849245227,0.6894233334361477,0.6722921909781975,0.6828035149761693,0.6614147969792128
406,1.0,0.43262177152685366,0.6179012345010269,1.0,0.27382103179933875,0.6168136845428153,1.0,0.38888987294361577,0.6662559494142063
407,0.6706657945492005,0.8833932649481163,0.7658594816775139,0.5570615512877763,0.5316247145363185,0.7397318279903511,0.6386635169154617,0.5320785436029121,0.6648848369384563
408,1.0,0.7395045550784913,0.6067204949478725,0.28422939614503107,0.854790736730473,0.7408494344438771,0.6588578893737241,0.8014669709916232,0.7108024347138866
409,1.0,1.0,0.9945388820748685,0.9649630063994542,0.4740605965314254,0.515442468543126,0.6046433387859812,0.10236423815213272,0.7070015663108735
410,0.3077857748554227,0.19238780701893365,0.8941606688584331,0.5333764850033562,0.3226230265590582,0.6729453452175237,0.9179297924478657,0.9584524134440845,0.5999576641755847
411,0.21979272764454616,1.0,0.06628001977699237,1.0,0.41525794977856784,0.7985844551150671,0.8304389318204143,0.5378049178745318,0.6085198752512649
412,0.0,0.8559025525647656,0.07335312092418643,0.8196735398564657,0.7835387608628633,0.6592224703824571,0.34863352625419736,0.770237037375696,0.538820126027579
413,0.11044433962010224,1.0,0.44645811025212545,0.6162809634073618,0.5977852382403067,1.0,0.31346731665774874,0.6420947685944223,0.5908163420965084
414,0.0,0.8318716825147427,0.7802471215801768,1.0,0.769389771842986,0.628300166055905,0.5420356909779143,0.7177436128087367,0.6586985057225577
415,1.0,0.641253076308839,0.8932366699141623,0.9674437389774164,0.6092378612250261,0.6943588980083374,0.6436823756520748,0.4937950342008446,0.7428759567858375
416,0.5399870612787012,0.0,0.7200097040409742,0.6344290342777635,0.4885453115104067,0.6013224440814485,0.8777447444512234,0.4594430470720194,0.5401851683390672
417,0.6635590704138925,0.45492859763576443,1.0,0.7242939530574052,0.7233875511890925,0.9312678791459971,0.841767433002889,0.5196706129393518,0.7323593871730492
418,1.0,0.3282422761761245,0.851838766679846,0.7783642135085393,0.3498466265294467,0.28005934277325134,0.8741800412542076,0.5399988507274217,0.6253162647061047
419,0.42919039549759547,0.43487249735662065,0.5727380959097994,0.445761992715697,1.0,0.6777647171925532,0.7777625911724907,0.5026609789494043,0.6050939085992701
420,0.2565739787606783,0.5333468706165476,0.7277392297535855,0.9221015468415765,0.47951660664456164,0.6498551771491076,1.0,0.5629695055942894,0.6415128644200432
421,0.23883721614291245,0.3279542672369343,0.543786939641727,1.0,1.0,0.37594299258673275,0.56227381521996,1.0,0.6310994038535332
422,0.5163427500516506,0.5153799521528193,0.7879777692343105,0.5124606324207864,0.33762828983923243,0.3056243756041092,0.655214400819548,0.12593347343447983,0.46957020544461703
423,1.0,0.9383667780776681,0.7163965751466181,0.8297575197684215,0.2304575354368492,0.49229698743368017,0.9079233092832872,0.6615105955629583,0.7220886625886853
424,0.5751912378876558,0.7274337358823437,0.5687898137661519,1.0,0.7050462093675688,0.5316784021230221,0.07233374020814651,0.6197874309664632,0.6000325712751691
425,1.0,1.0,1.0,2.222222222224445e-5,0.8284837860825186,0.9615861047655104,0.7900505840825361,0.6140458152260738,0.7742735640473577
426,1.0,1.0,1.0,0.80767864366342,0.29295117634191303,0.5198693750491971,0.6687317533541829,0.4454068603252195,0.7168297260917414
427,0.46355587028986217,0.6788419370514149,0.8029200841413957,0.7563693237217213,0.9800656175661723,0.12264819122761246,0.535638106935671,0.915283665282812,0.6569153495270827
428,0.20915458427320371,0.2138401605299537,0.9966337864039101,1.0,1.0,0.7546600567953842,0.8507032929631707,0.21914098897262227,0.6555166087422806
429,0.8146642801705466,0.13708506902114623,0.8009518331233688,1.0,1.0,0.6941240205281373,0.7889916773370599,0.3612677365487898,0.699635577091131
430,1.0,0.4488078652349697,0.8618346800647014,0.6506801512356134,0.6293979908265468,0.7291274835041579,0.9577666022626182,0.5185330749285502,0.7245184810071446
431,0.18909748901569196,0.6396868210843304,0.4759673998330425,0.7293865684805032,0.5379252772366344,0.48277161329197665,0.7990542117922034,0.28903162786183945,0.5178651260745277
432,1.0,1.0,1.0,0.17510321796151854,1.0,0.7822271419077419,0.45464554291724185,0.6072155752302548,0.7523989347520947
433,1.0,0.35551569790869764,1.0,0.6784580304040558,0.7063689763346664,1.0,0.5712175167822274,0.6970704505649565,0.7510788339993255
434,0.9658715451096191,0.9179580249857642,0.4005963411677857,0.6955046787129104,0.743826294142155,0.8109929583415312,0.37966577023245524,0.7492024197349383,0.7079522540533949
435,1.0,0.6521602113365105,0.5073093012093224,0.4504061603111519,0.8117272664721736,0.5623788197885002,0.7718037341678393,0.5385559969360049,0.6617926862776878
436,0.7902786064748887,1.0,0.855675621100418,0.9740007857965074,0.6235725137935667,0.9160815272101515,0.528681995251644,0.22018685498582272,0.7385597380766249
437,1.0,0.7451185731937388,0.3675679590708616,1.0,0.776477407967342,0.48404237846327675,0.19420273805083874,0.62238750864841,0.6487245706743086
438,1.0,0.7099002850343207,0.7745782338424442,0.6559634223348086,0.8451774822111968,0.5718252715152358,0.12966877947098107,0.7249235081713081,0.6765046228225369
439,0.7276109528787499,1.0,0.7752162518127262,0.6698398426102514,0.6941166786987844,0.8994342569704451,0.8789614584862665,0.33827149598117773,0.7479313671798001
440,0.6620488664071899,0.36032211430486066,0.8776942845712316,0.6566839837455326,0.7032358290577092,0.7907807571083563,0.2748475312651047,0.6089935641074113,0.6168258663209246
441,1.0,0.8364112334380875,0.8628333768292376,0.8924682541687302,0.8142647014769951,0.4565273887249971,1.0,0.6683769333621439,0.8163602360000239
442,0.40323228287247515,0.7653608076207985,1.0,1.0,0.2090528514983528,0.8208697400422323,0.38882850811313285,0.8949521498847207,0.6852870425039641
443,0.8201135638393753,0.5316973967898273,1.0,0.393406369351891,0.21096381140735143,0.8191443853880557,0.4192552510650343,0.903332059147881,0.637239104623677
444,0.04069413743261012,1.0,1.0,0.2975880172065287,0.8701107992827867,0.6433504652981011,0.4744400831935766,0.09641635525140417,0.5528249822081259
445,0.6584748867180792,0.6496971139891683,0.196844747319893,1.0,0.9605830494145337,0.8141017467677346,0.8005395370377346,0.7018767064865078,0.7227647234667064
446,0.5468937183364724,0.9951058996489269,1.0,0.49038255685646337,0.675568593652978,0.5141646394127618,0.4337345713868866,0.3712658634685242,0.6283894803453767
447,0.7662442502171241,0.5853522144718206,1.0,0.42724427780032426,0.1730900745660796,0.8268566597311863,0.866877874891438,0.6559658968046919,0.6627039060603331
448,0.0,1.0,1.0,0.2926828185433378,0.27239431633578254,0.7143871326012867,0.7289529478168254,0.48287684616670007,0.5614117576829916
449,1.0,0.6249186420572476,0.8232360196775456,1.0,0.51760522450711,0.7841426823272061,0.5634545048027131,0.5224438740473926,0.7294751184274019
450,0.6056105378538031,0.5604161220397325,0.6377633024609868,0.502044814073446,0.3331994576305247,0.8251897405201702,0.4296070460852438,0.7436459184610312,0.5796846173906174
451,0.11764466643998106,0.5129640562592355,0.3636564507731689,0.42604851833405927,0.6577179189729054,0.6833963549397672,0.39215891230726363,0.8614481126314404,0.5018793738322277
452,0.44069033529316093,0.17556167572312378,0.7977863515567286,1.0,0.8674697166827658,0.47110295439084904,1.0,0.4878733057112945,0.6550605424197404
453,1.0,0.3680005637324648,1.0,0.9731063907078975,1.0,0.5076266509223816,0.6266459361027656,0.9347250061822625,0.8012630684559716
454,0.48932155794225024,0.4344397603280648,1.0,1.0,0.8968420426585706,0.9558358911101996,0.21442821602221526,0.9667231097862686,0.7446988222309461
455,0.672775551283708,1.0,0.7551549525530715,0.7124627842503779,0.7976875986009097,1.0,0.1822183646701709,0.5465829202534287,0.7083602714514584
456,1.0,1.0,0.4513098046222721,0.3976063391085432,0.43261531200370684,0.7626688246591526,0.45198480417782866,0.4671202405375881,0.6204131656386365
457,1.0,0.7736129369877489,0.13558868013571967,0.8207771060828324,0.6362045696347288,0.5212745930764001,0.7476237200064784,0.5446528459727751,0.6474668064870854
458,0.7946338914103707,0.9086618869420474,0.415895765271155,1.0,0.7265306231265364,0.8188721514736899,0.7088489671140853,0.7414897531850516,0.7643666298153671
459,0.45226710954699434,0.9467174116347774,0.9597182100539369,0.35598386741163196,0.5652584670459398,0.23168122688355383,0.38578020477112407,0.5265398673347399,0.5529932955853373
460,1.0,0.8607649543583631,0.6573259707277519,0.09936863946611309,0.8578086169552224,0.2007015899951359,0.7770749583898164,0.7411390989025638,0.6492729785993708
461,0.0,0.0,1.0,0.7018836935825183,1.0,0.7244329406774231,0.3013712399800877,0.9620943466540702,0.5862227776117624
462,1.0,0.19451793039728899,0.5669664707409633,0.9598193874687754,0.8753200226887916,0.8465163751441909,0.9748993423954057,0.4962917932737225,0.7392914152636423
463,0.26565885585903193,0.34296438558616815,0.9510607720073815,0.682467479466915,0.8402844642587257,0.6006303648535252,0.27885298792669017,0.1517566917554225,0.5142095002142325
464,0.7258794800571604,1.0,0.6887569981534438,0.8312941516182261,0.8934333342549091,0.6162312462174225,0.4903114758130726,0.4212194893386597,0.7083907719316118
465,0.3948947448406672,1.0,1.0,0.9771671470371932,1.0,0.08443433019221601,0.6928640216214262,0.6735883474398443,0.7278685738914185
466,0.05165629559209702,0.5058639784907841,0.9140477334757258,0.8908984869360093,0.9211643133029751,0.9361181828593255,0.8685331207275367,0.16599144016405898,0.6567841939435641
467,0.7814094687609473,0.9393343314902173,1.0,0.7008280316232824,0.9468167402734781,0.5032002020180213,0.7642214278886604,0.8756121653320235,0.8139277959233289
468,0.4141817351890671,0.9466578510952782,1.0,0.7471498691569488,0.9906221886586333,1.0,0.6540082076670156,0.6089340540702325,0.7951942382296469
469,0.7807832191822179,0.9140894175269773,0.835237822118859,0.7218262857385283,0.8958464905118879,0.6044780669902291,0.6077652813737979,0.29518400359846136,0.7069013233801197
470,0.5839246051714514,0.8802433319230473,0.06986622852476373,1.0,0.8519531017946369,0.9143516573368511,0.20407758452809532,0.33490650236925723,0.6049153764560129
471,1.0,1.0,0.6312533425216456,0.7406427879597108,1.0,0.586628575145826,0.36100710835213423,0.5850745857440778,0.7380757999654244
472,0.4483622614442564,0.7783918162094647,1.0,0.8871561996105876,0.9319522182291118,0.5687065247576296,0.43162157393109296,0.3035412047893551,0.6687164748714374
473,0.6394716702215605,1.0,0.37900691117880797,1.0,0.34783456664783396,0.9038346871474993,0.31407243457519035,0.35827306541255566,0.617811666897931
474,1.0,0.3567097050329768,1.0,0.8039963546788688,0.8068887553102849,0.3130058715486822,0.4904085969865732,0.7473157848253289,0.6897906335478393
475,0.0,1.0,1.0,1.0,0.6361463811089294,0.5395934172600694,0.12525379912959114,0.5424712814682348,0.605433109870853
476,0.09105007498915094,0.13245151700196436,0.12144250368896771,1.0,0.8212796562925575,0.9162636385010257,0.8181277735587809,0.31822578544873004,0.5273551186851471
477,1.0,0.8780486010106083,0.6084041700550655,1.0,0.7006168867096069,0.5545147584769641,0.25246011727288564,0.8635795022376276,0.7322030044703447
478,0.8081794544010372,0.606342424508186,0.5400200979029692,1.0,0.7165293678619424,0.9982087971051348,0.7530604938715202,0.20744067681485473,0.7037226640582056
479,0.6508120132393094,0.48655787544985885,0.6368909900705181,1.0,0.7217974064416384,1.0,0.31328409942707885,0.8976364584012891,0.7133723553787115
480,0.11909013309993055,1.0,0.904771026706812,0.7108815601358796,0.5715413371168467,0.8351024855990503,0.6907897953031632,0.9758730288906406,0.7260061708565405
481,1.0,0.8663864697061943,0.08895205094695478,0.8151112660903499,0.5601052319903704,0.3422595896923331,0.5228967192964923,0.9960886141234413,0.648974992730767
482,0.0,0.39338818121264363,0.40287930448090453,1.0,0.7778347551859044,0.8396343630662143,0.4507304847475039,0.6014338105127058,0.5582376124007346
483,0.17208872538467998,0.3396940151369472,1.0,0.6397706946242585,0.9431213376593539,1.0,0.645171979031806,0.5951956586154934,0.6668803013065674
484,0.6058550055502275,0.6829591281379325,1.0,1.0,0.811175522633145,0.6562822953023582,0.7535815848826035,0.4556609770755271,0.7456893141977242
485,0.6236355653636654,0.7270296236082545,0.6572733259772511,0.71987602082416,1.0,0.28328803803543734,0.6197694888321239,0.32349202441316227,0.6192955108817568
486,0.2839820514246888,0.0,1.0,0.9710144415256615,1.0,0.7719677856154878,0.38950684007153,0.4156238369276692,0.6040118694456297
487,0.24713600861097873,0.57388342119059,0.851018847827665,1.0,0.7666273635848759,0.9284601042822223,0.3182344064362565,0.6375586002507204,0.6653648440229136
488,0.0,0.7375530914067469,1.0,0.9019787425552447,0.6240422416451438,0.505420642842995,0.7735642512396602,0.4147848891652592,0.6196679823568811
489,0.06901042229151926,1.0,1.0,0.8524936940087273,0.7163673624752857,0.1522001798781213,0.40030927229933916,0.4014751995043803,0.5739820163071717
490,0.9788472599072178,0.17171236339221163,0.46491983234529494,1.0,0.7612033853792105,0.7982401219306945,0.36939479782293283,0.5769217989461051,0.6401549449654584
491,0.0,0.21685229427734132,0.8312755234555035,1.0,0.7990889624381808,0.7293557524585959,0.5741823332791669,0.1643081361188731,0.5393828752534577
492,0.9150563112712933,0.4600533539493597,1.0,0.4427873625647043,0.8136124493016741,0.8779220608841833,0.46065697280721674,0.5718200462079276,0.6927385696232949
493,0.07738096003233191,0.5049606166281561,0.4210405269412542,0.8252518032660271,1.0,0.6607787980591605,0.3148798406517753,0.44509362816329423,0.53117327171775
494,0.40789042875492476,0.7218082039243503,1.0,0.6440142914088953,0.7465838653504532,0.596786094618176,0.17874344296795866,0.5690105636134686,0.6081046113297783
495,0.3923780983706132,1.0,0.9143495129218205,0.76595711832724,1.0,0.7473304529317367,0.2679050195280991,0.6362417150530251,0.7155202396415667
496,0.44431768983043407,0.9672246993519624,1.0,1.0,0.5131736976512404,0.8864744589663011,0.683323472751442,0.4857440477427761,0.7475322582867695
497,0.4805332058560879,0.7277922988998448,0.74923879755332,1.0,0.8407176713244254,0.4835613335814051,0.8171795208439563,0.6148741152592727,0.714237117914789
498,0.15986241056581696,0.4660372576141159,0.7961174737294923,0.8275216581932874,0.5884206848041247,0.4488353688469226,0.4233801816516852,0.42613058171738827,0.5170382021403541
499,0.46812528466510656,0.6423798362862944,0.6689125454935914,0.5458906530732375,0.919124829200936,0.36178515646814163,0.33608593948675075,0.6077433472148726,0.5687559489861164
500,0.6527898273913942,0.24429587035341865,0.2640982051141758,1.0,0.9635393473752729,0.591100235673685,0.9715479690439222,0.43567351108236396,0.640380620754279
501,0.6738806461932992,0.9846519931045987,1.0,0.204814834607544,1.0,0.4983349551487549,0.5255505847400178,0.4424206780957572,0.6662067114862466
502,0.7842447509918259,0.9382936377925006,1.0,0.9013121189950515,0.7469558934550452,0.6132639857760676,0.6194758216568452,0.6396125791137424,0.7803948484726349
503,0.21800746237784774,0.12751436946472708,0.8824639538227435,0.7791924090113701,1.0,1.0,0.5735339641703322,0.7541175207455301,0.6668537099490689
504,0.36073722998429586,1.0,1.0,1.0,0.7354533844269203,0.4558559973047172,0.6621025746013853,0.4609852393724772,0.7093918032112245
505,0.4607810400053888,1.0,0.0494584406346324,0.5640643041220424,1.0,0.778268303642396,0.902677971876101,0.41578876771746565,0.6463798534997532
506,1.0,1.0,1.0,0.5571124394141976,0.8597477375465576,0.6655158010023045,0.7341231327722139,0.2445424751593626,0.7576301982368295
507,0.4011824002265074,0.3158525828487072,0.707108485707074,0.8654479911176722,0.8279560680060196,0.1355688665952668,0.9529932307864966,0.3484926711593641,0.5693252870558885
508,0.12707334400261505,1.0,1.0,0.8588992309714989,0.7803394986857956,0.8616179304483352,0.5872031595118952,0.6170319682717028,0.7290206414864803
509,0.5100018800059374,0.6119105719650993,1.0,0.15591984840593384,0.8515610696779758,0.5433864886467306,0.6805914672172273,0.5150943427310453,0.6085582085812435
510,0.6150117108692367,0.979259444024725,0.4130721418154463,0.7900088097741719,0.5704405977540868,0.9912697970183201,0.3252674354791563,0.581300460744579,0.6582037996849652
511,0.6715972886419679,0.5224005960824388,1.0,0.490312907840303,0.9775634998857793,0.27883857896173325,0.5695326914312194,0.5726043628912437,0.6353562407168356
512,1.0,1.0,0.8021619362009101,0.5387278542613839,0.6296567618699414,0.934563935592826,0.5737520294485413,0.31611028521051937,0.7243716003230153
513,0.2945209958852289,0.45329456030569804,0.9501759369345402,0.4527265370592079,0.6281339911622369,0.30962473364217113,0.8144107345474974,0.3551414568600808,0.5322536182995826
514,1.0,0.7225641697119782,0.946349587777986,0.8471280621335006,0.7794015037913998,0.8822487900357949,0.48622507102738055,0.6384265596161204,0.78779296801177
515,0.4313770560110827,0.390821746923249,0.8417168738059336,0.8152698458377841,0.2959667564252595,0.9342119955990938,0.5385835176531524,0.39914564609693787,0.5808866797940616
516,0.06498620675483754,0.7812060495404378,0.6847252366533608,0.5035064059129928,1.0,0.6695951625060534,0.7661293248609162,0.2924873096736337,0.595329461987779
517,0.738949276534695,0.9359010661642709,0.5757172607109462,0.7278276670103132,0.3160144431349475,0.5239809618617202,0.8727185254677889,0.7933424220493553,0.6855564528667547
518,0.06313789832699535,0.963362156389327,0.6708623825701567,1.0,0.33885081859103633,0.8158109999641664,0.7698134729675545,0.5695386366822937,0.6489220456864413
519,0.331826807066273,0.09370692648224703,0.8968964463987471,0.44822778525115364,0.8014989522264548,1.0,0.5947159203862836,0.8952350024587731,0.6327634800337415
520,0.37443408042535287,0.3560003718805557,0.7267866751850105,0.7659123818330845,1.0,0.8568047131128279,0.6710824298400412,0.5872533352207037,0.667284248437197
521,1.0,0.871281278893726,0.36330289601324844,0.9598896127716582,0.04943696672735087,0.6273664588858108,0.8124067332262577,0.8413578742673016,0.6906302275981692
522,0.43245032861716215,0.8743597711884161,0.8622486218687061,1.0,0.0,0.8620372767068123,0.5918342520875294,0.5855824983417278,0.6510640936012941
523,0.6303321285611456,0.48538213870210706,0.853148213441082,0.5821938292394339,0.6251487566898702,0.593235797357493,0.7279053289809442,0.8024199781923569,0.6624707713955541
524,0.4380377907139845,1.0,0.8659394009572647,0.5786735704305627,0.38032161935172615,0.8854114560596499,0.8176988614311204,0.4744784632975242,0.680070145280229
525,0.2741689134581532,0.8602348256910062,1.0,1.0,0.8806219726623027,0.8217264465314934,0.6284543025284917,0.4407261642233697,0.7382415781368521
526,0.5321290608714965,0.12536997655614446,0.9528012705133736,0.668015406907118,0.9816363057401876,0.8474444439490549,0.6869269854219151,0.38227039741978613,0.6470742309223846
527,0.8294190406721673,0.8121777521976924,0.8019330264631198,0.5515675222266081,0.5921650246664236,0.8717973433074137,0.3477225342431579,0.17525172307370293,0.6227542458562857
528,0.8501885162100941,0.8952177209283234,1.0,0.7533431303603653,0.6636222766447941,0.8958730205582536,0.907671531804752,0.6216575051623865,0.8234467127086211
529,0.449507479506669,0.7071176621202429,0.0,0.26987328254858023,0.8002344943307693,0.4837282622673874,0.7735124055741156,0.6496114320300249,0.5166981272972238
530,0.3301845300070226,0.2828442790727885,0.9394864656542784,0.7859171809189681,1.0,0.6374381760249827,0.5551257606531368,0.8826744663116843,0.6767088573303577
531,0.4858556724946006,1.0,0.06780825945941049,0.8720396781458889,0.1838073828383338,0.994887543677963,0.7762498146425777,0.4541072184592582,0.604344446214754
532,1.0,0.18953311962595842,0.6363500622268239,0.41180709838442026,0.7600870820637998,1.0,0.647826093528567,0.5661546368777435,0.6514697615884141
533,0.0,1.0,1.0,0.6954655260526589,0.9629966109004965,0.9657683850982524,0.30258420700680283,0.5482534024411686,0.6843835164374223
534,0.98473556945221,1.0,0.7512545830219156,0.8369311808701343,0.609158658328674,0.45798072478608737,0.5551424522021112,0.47377109869815065,0.7086217834199103
535,0.3565780229210928,0.39008959822826994,1.0,0.9591997203714185,0.824245084541995,1.0,0.399115355988699,0.6514239301843479,0.697581464029478
536,1.0,0.42280110448208913,0.7565257534852887,0.21099318836984143,1.0,0.6302228898264054,0.9588946763140297,0.5992165182522811,0.6973317663412419
537,0.13294491237628253,0.5571485509545195,0.05730620965344394,0.6988487339185923,0.6697031095518367,0.6836513000126878,1.0,0.47969467977655617,0.5349121870304898
538,0.49985655621476816,0.0,0.8806290666694091,0.377760516540695,0.7859631095564653,0.5247423292738332,0.9193901763843397,0.5143740419886659,0.5628394745785221
539,0.802164591487015,0.2296515095536336,0.5223901249407531,1.0,0.9892439433124564,0.7967530031619857,0.42220527000740193,0.7252301073906384,0.6859548187317356
540,1.0,1.0,0.9366686781055155,0.8427008236290376,0.6245397336868072,0.5833795294462427,0.4951028461964252,0.9954647694231175,0.8097320475608932
541,1.0,1.0,0.9109010355887512,0.6068047218865718,0.7085261076786248,0.7188661258295743,0.539685699481713,0.6156407735496852,0.7625530580018651
542,0.0,0.8445787859882884,0.32733737709905525,0.6147547382796373,0.6965272617712365,1.0,0.6146759412522095,0.7462765543398534,0.605518832341285
543,1.0,0.9250508760663827,0.48246955953209847,0.41699770792878277,0.5964795753715524,0.7062783769501155,0.6864200396236644,0.7487141751077698,0.6953012888225458
544,1.0,0.23089625815066345,0.4516022800709192,0.9315251325494841,0.5067817059961427,0.05140875844430332,0.6732631057930846,0.20682128468219702,0.5065373157108493
545,0.4592808635916462,0.6695022621370276,0.5667487586201209,0.7998935849694646,0.6888588562552325,0.879328255526055,0.4986872541231847,0.19993184536052858,0.5952789600729075
546,1.0,0.9889506378061135,2.5000000000025006e-5,0.7512848763837218,0.5670800419860739,0.5845767183969178,0.6314454612797672,0.5758501093920426,0.6374016056555797
547,0.7669289235274583,0.5899246714008937,1.0,0.746420119342119,0.9438419193078392,0.37183639265988366,0.558179273358174,0.8163820388717513,0.7241891673085149
548,0.8259672533134403,0.11791800687784651,0.9117850304785676,1.0,0.9579827420846301,0.8058026680842956,0.5388342158552415,0.3464308270770564,0.6880900929713848
549,1.0,0.6659714267985384,0.36914313384400615,0.6674608300806918,0.9254596002949863,0.7779057854789317,0.8439425300034693,0.7303325602606068,0.7475269833451537
550,1.0,1.0,0.6990264721036481,0.45966067388777593,0.644973942192556,0.6454701844585085,0.6911206099932503,0.16792008655332907,0.6635214961486335
551,0.7011002380215399,0.5439173173737344,0.9914683054832845,0.8622088563396865,0.9796008716245288,0.45199345533489754,0.6999254758438632,0.9754628209811674,0.7757096676253379
552,1.0,0.7353577754237715,0.7025763156301068,0.24876799460438892,0.33027660721493324,0.4600018021704544,0.6339922588261316,0.6922200018194689,0.6003990944611569
553,1.0,0.8974534334539197,0.43585443197593954,0.2215752997252514,0.7755262798455065,1.0,0.6028409523735783,0.6328071507550925,0.6957571935161609
554,0.6231572371485153,0.8882409038974936,0.646971706541166,0.25824737196340797,0.35929419842129356,0.8203223157172829,0.22039327750631002,0.6432573151552797,0.5574855407938436
555,1.0,0.23966839309695404,0.8589295591079978,1.0,0.5584436585020183,1.0,0.850428964584066,0.7658161204647305,0.7841608369694709
556,0.47178640068665884,0.8185093919527526,1.0,0.4744926951478591,0.7095796597697326,0.8360766482803158,1.0,0.2800094411383006,0.6988067796219525
557,0.829085338161674,0.7455256473868966,1.0,0.9458604428349975,0.6356721724488292,0.47605164869463285,0.41471204656131244,0.6988919749043998,0.7182249088740928
558,0.3006845126905485,0.9339264129068857,0.7380404691396285,0.958538065958997,0.9144852576580021,0.49752446886745433,0.301323388713653,0.4321220482169528,0.6345805780190152
559,1.0,0.0,1.0,0.7263722318333264,0.3474055087509385,0.7292211738558539,0.6638941816866928,0.7855439522735994,0.6565546310500514
560,1.0,1.0,0.5422649830838928,0.7449332765974271,0.9702274591919772,1.0,0.6425374337398699,0.43223680121258684,0.7915249942282192
561,0.7783884711844112,1.0,1.0,0.7448685126176438,0.6714018504170116,0.8781438425709708,0.647889754787335,0.6579585587984917,0.797331373796983
562,3.3333333333366674e-5,1.0,0.9527688807060628,1.0,0.8822825893009969,0.7402892147518589,0.8874577123715127,0.4288357722487923,0.7364584378390696
563,1.0,1.0,0.9036909731393249,0.9730021100582193,0.6665689292306624,0.576548453484736,0.27842050490651665,0.7119341683045722,0.7637706423905039
564,0.24430955384575026,0.6720262061590663,0.9486917763298635,0.4333769131228257,0.7223994025070901,0.11661867487090298,1.0,0.5303318068417894,0.583469291709661
565,0.0,0.9534250015637528,0.668915319333912,0.816117438298058,1.0,0.3277524771635272,0.43327866273987,0.5888417734859597,0.5985413340731349
566,1.0,1.0,0.5573390976983933,0.9989150804038325,0.3360508308480589,0.8061187546973743,0.507723289683681,0.3150186789171482,0.690145716531061
567,0.6709373016442376,0.9578339470539199,1.0,0.36457483225198134,0.6798156206234282,0.28898643209189684,0.7333424304268844,0.7724746766188452,0.6834956550888992
568,0.5063705819346088,1.0,0.1692310111160757,0.8205681674282154,0.6397437590776217,0.6459256903092518,0.3138830134271664,0.5663788744878511,0.5827626372225989
569,1.0,0.8918017738388524,0.041938769409840405,0.9707905983376832,0.8385455234784515,0.606286233686791,0.8712946458077789,0.41323843577887853,0.7042369975422844
570,0.7064070529539123,1.0,0.5081142394588085,1.0,0.6818688809176632,0.7773055013020382,0.7467890996307222,0.37430100179602005,0.7243482220073956
571,0.10156237850466136,0.8943653912488098,0.7235419780832181,1.0,0.6367525143033818,0.6101512886667505,0.2521509182073363,0.4475403680871111,0.5832581046376586
572,0.7810963428129286,0.8426104737206142,0.12766667186743522,0.9810897821827103,0.9416644269742871,0.8747707498100923,0.476819718779309,0.18031549744826325,0.6507542079494549
573,0.6227858783655047,0.4549608365108512,0.749411699121044,0.7358200502686238,0.2204838843673071,0.7080054522927968,0.5502614809399642,0.4055547546242951,0.5559105045612983
574,0.06686184668489767,1.0,1.0,0.022757329790211604,0.02048159681119044,0.272176796802132,0.9002871485499542,0.7067434493489861,0.4986635209984215
575,1.0,0.7260000092251149,1.0,0.021484233396096907,0.38961800487683496,0.550837974625604,0.8723724748611131,0.42237706687733534,0.6228362204827624
576,0.9947957828188072,0.39150043026182957,0.0937323178819595,1.0,1.0,0.9375558795311412,0.7526021085905964,0.3689197876126413,0.692388288337122
577,0.5911723152319711,0.536877994954142,0.3181581666250523,0.8968815698662095,0.11650463226578922,0.5363438516013609,0.15565698334152517,0.8176234994315739,0.496152376664703
578,0.3166954359938949,0.2298733864549041,0.8874784230045789,0.8419065700012976,1.0,0.4254592056611374,0.3543178609718867,0.8831315551920831,0.6173578046599729
579,0.8988470003757868,0.009323547605025581,1.0,0.9926483477143869,0.6721843446598152,0.7369925452495706,0.9043883515041525,0.4775570979871567,0.711492654386987
580,1.0,0.28918993407007687,1.0,1.0,0.427790271862289,0.9558562964859729,0.48622513209746465,0.6108801411137311,0.7212427219536918
581,0.13902938409728616,1.0,0.9869810277525521,0.21168512732134862,0.37077156060672606,0.29971849932778344,1.0,0.5950564331471259,0.5754052540316028
582,0.6096729837141772,0.9833104400702642,0.668797707425032,0.67984133343169,0.8227503043327102,0.6216261910845067,0.3297923899576743,0.637098858639773,0.6691112760819784
583,0.48432562905271853,0.9221691429448537,1.0,0.8687111439746038,1.0,0.5209790037366389,0.3236710182896611,0.7097521480410054,0.7287010107549352
584,0.8532189911704037,1.0,0.881681014200652,1.0,1.0,0.7352491516231445,0.6038721115730084,0.13714159663774042,0.7763953581506188
585,1.0,0.9974996521016378,0.6059779270269205,0.9275955721469988,0.9345703034110878,0.5405878108680422,0.5300847074325394,0.354735711593969,0.7363814605726495
586,0.5269419146587361,0.46312904516498155,1.0,0.9633458599336505,1.0,0.5212725422585016,0.8813039547761017,0.4727552291542026,0.7285935682432717
587,0.0,1.0,0.9506713101380211,1.0,0.17553996070741318,0.0907167110155997,0.433970517179579,0.8454802194132053,0.5620473398067273
588,0.8934175079951733,0.3232787131338303,0.9442341293129508,0.8468276769260303,0.24443561830604754,1.0,0.3021982907901596,0.6929821691780053,0.6559217632052746
589,0.20802094252919864,0.609587105094202,0.353649520032575,1.0,0.6699439317228508,1.0,0.8485745321559114,0.5752908999725549,0.6581333664384116
590,0.3530734251446723,0.464026456856482,0.7998093216400511,1.0,1.0,0.49822682190516115,0.6185627239476789,0.7001173405291994,0.6792270112529055
591,0.4240936024569958,0.7484986127726777,0.6306747977671467,0.39419171417600535,0.9661001512242903,0.6221997323067082,0.36865559080658045,0.5083591440264549,0.5828466681921075
592,1.0,1.0,0.8747343433554837,0.5636060305285717,0.25890177724681857,0.5747325692556361,0.9094745212621603,0.3457122854555043,0.6908951908880219
593,0.10058697790918392,0.522117762660092,0.6944908109456462,0.6129441503988068,1.0,0.8564929308089418,0.7422516844701557,0.16527214380812294,0.5867695576251186
594,0.027194738198625206,0.6341451465745207,1.0,0.7092333949534746,0.34197711396804,0.9350364423380519,0.5694451438458343,0.34849938361455224,0.5706914204366373
595,0.1296790000265428,1.0,0.943417054338967,0.5997513714842894,0.9964839101704522,0.6314809282915639,0.3334305206934588,0.3077415667086786,0.6177480439642441
596,1.0,1.0,0.0,0.8740328591203105,0.15803978251829692,0.622508818028079,0.7235707329291896,0.5487464821474776,0.6158623343429193
597,1.0,0.9405744499937394,0.5973612565724905,0.4870175444756939,0.6939110608001586,0.9258286369604515,0.8057563843942424,0.5820861681146997,0.7540669376639345
598,0.0,0.801294667988678,0.8257596384508769,1.0,0.5860085930264299,0.36176339443301175,0.6092506876214184,0.4596748256045949,0.5804689758906263
599,0.15080145930167488,0.6027689908238979,1.0,0.46167537552487203,0.8683707587003708,0.5820780161942636,0.3596910344163576,0.5840322812062873,0.5761772395209656
600,0.047246360202722146,0.30601842463401663,0.8700424917196998,1.0,0.7166051218578334,0.9504402451007838,0.5874502613388717,0.6915772868706704,0.6461725239655747
601,1.0,1.0,0.9600099015291989,0.27443920903235236,0.34347514466835455,0.7825269825092991,0.9820338653996177,0.5088664894865385,0.7314189490781701
602,0.586174406129041,0.03706921972322681,0.9573585567672409,1.0,1.0,0.9883186910294078,0.8387401202021331,0.34702363960019733,0.7193355791814058
603,0.8434221351212015,0.8843449635320985,0.42367566625049,0.243783414768694,0.8180703827145833,0.8192472946101351,0.5272648503761506,0.4970279793567146,0.6321045858412585
604,1.0,0.49933105555141954,0.7375905816504867,0.9446936809439418,0.7292634958664004,0.9250470612141172,0.2769926445991402,0.6627056008288537,0.721953015081795
605,1.0,0.20391617178746682,0.866778596277143,0.9677036675421341,0.5476611921673314,0.9011479008340318,0.23287006924786113,0.561114518762222,0.6601490145772737
606,0.9209964929138166,1.0,1.0,0.011361589393989027,0.5711073041489917,0.9624080071901933,0.4376886518390716,0.334571525495364,0.6547666963726783
607,1.0,0.8601883960357514,0.0,0.8714844764207367,0.5179651757325809,0.29867343130833707,0.4178015984662778,0.48632899917975075,0.5565552596429293
608,0.3145961124884328,0.6160007828067545,0.7118692734846097,0.6669025965393609,0.5305045812123121,0.10442941717920715,0.47265276634480796,0.9074835197704568,0.5405548812282428
609,0.5810730180383269,0.5892347874257307,0.2944471300762426,1.0,0.875678094588502,1.0,0.8389900551424087,0.6539550217619768,0.7291722633791484
610,0.0,0.7759856058391716,0.663934850051488,0.557262390067427,1.0,0.8632111322676388,0.7085282310439989,0.42158547005536695,0.6238134599156364
611,1.0,0.20176219617075067,0.42096990748351465,0.7823353100491105,0.7860604371064925,1.0,0.6431964546428518,0.9568238388437331,0.7238935180370567
612,0.0026959319545785676,0.6247529935129936,0.8275343193213066,0.3199694939366162,0.5358939097372756,0.7842480950371858,0.38152687018203457,0.2335277134557207,0.463768665892214
613,0.0,1.0,1.0,0.7981904947042134,1.0,0.5537827161903967,0.5704485277195441,0.40904638856573156,0.6664335158974858
614,1.0,0.6520031937707501,0.7519044190022474,0.6095797547920574,0.5168119055864523,0.7800275730233086,0.8261745882815805,0.5938883709166528,0.7162987256716311
615,0.6505166886968482,0.25351276466559297,0.8649119689622824,2.222222222224445e-5,0.9643708733363948,0.5073367498456127,0.4769158669918225,0.7217436619410541,0.5549163495827287
616,0.023917697373916174,0.0,1.0,1.0,0.7499309564235501,0.7328364965615513,0.5169695518027093,0.2274914678861817,0.5313932712559886
617,0.275956755737584,0.10901513553946578,1.0,1.0,1.0,0.8617500901240118,0.447719634109846,0.4457590014104278,0.6425250771151669
618,0.6639597507762542,0.17452384017133354,1.0,0.3392696298228027,0.8588168488192052,0.3296477508816299,0.45122363796191606,0.9189671793534443,0.5920510797233232
619,1.0,1.0,0.0,0.2401927980945965,1.0,0.27513470347856145,0.6535373958304086,0.5559597931828251,0.5906030863232989
620,0.12492750621164914,1.0,0.10071590257723884,0.9886498075798369,0.9347989381358068,1.0,0.40498030962731496,0.5371534609987294,0.636403240641322
621,0.6696860324571962,0.5061736846711845,0.5238455420997983,0.16459128216500038,0.6809235663201613,0.3995457443421365,0.8583252490828038,0.825643513102727,0.578591826780126
622,0.6013510227665433,0.33412107950552195,0.7701440554326683,0.9347284332792738,0.9871773302308562,0.36120402261260476,0.8520173138124961,0.42927674233093077,0.6587524999963619
623,0.8480640730851692,1.0,0.650806241526005,0.837870093920395,0.770930858900253,1.0,0.7981569624340392,0.5947771559343482,0.8125756732250262
624,1.0,0.0,1.0,0.9401392974232896,0.9923743464899795,0.405358466036739,0.5919518183221193,0.6680441472969513,0.6997335094461349
625,0.27227587721296576,0.6528890856482149,0.46592352082971905,0.9851494151913563,0.8268381168864383,0.23160101830718632,0.8560509861135206,0.31420774442239247,0.5756169705764742
626,0.3588629298278875,1.0,1.0,0.9073855254110132,0.7847889104573263,1.0,0.6783236416683069,0.5756275622991334,0.7881235712079584
627,0.7294866886245703,0.17767265689258574,0.23714910007847023,1.0,0.5786216132791691,0.5194348970189372,0.8647615620022798,0.1519698116760045,0.5323870411965022
628,1.0,1.0,0.8338801308685599,1.0,0.8145095305261579,0.8193430722475117,0.6254752709496508,0.28126447941347027,0.7968090605006689
629,0.8725996043705155,2.857142857145715e-5,0.9378631275551151,1.0,0.6131848036462706,1.0,0.9376907048275873,0.6132186118543571,0.7468231779603022
630,1.0,0.9038055983440809,0.7286021249747163,0.4104695605219311,0.5995082193817308,0.5102802236494156,0.7263273709474585,0.7370178687482246,0.7020013708209446
631,1.0,0.7353503381056726,0.07697339100942864,0.43106098748744937,0.7131661978096246,0.6712824942508011,0.8410821952728014,0.5452895774221617,0.6267756476697425
632,0.598509180266819,0.9202655728397348,0.5238567177499794,0.5799808297223803,0.5058140990121857,0.6354992422685742,0.7496311410840356,0.25550367074848607,0.5961325567115243
633,0.6694661929622485,0.1895415203773811,1.0,0.9990668245681396,0.5558694420128069,0.7153730780750563,0.4056357045490811,0.8677876435721696,0.6753425507646105
634,0.8225495621817163,0.08067180384424318,1.0,1.0,0.7773219650630725,0.9414748102146144,0.2638869321211728,0.8952697954623663,0.7226468586108982
635,1.0,0.5818546408035753,1.0,0.9292788139783223,0.8963329658858291,0.6811196143921101,0.5282839357233584,0.8289094104292523,0.805722422651556
636,0.7078811196480198,0.4915720818573135,0.4879812156397912,1.0,0.8290691796612354,0.5211611935581227,0.8457230362086047,0.9425164063162984,0.7282380291111732
637,0.2642886290967104,0.45557260354628454,0.9512860286172468,0.867587810919004,0.8693427642636826,0.7146804782671446,0.5194986491815543,0.2612546963870584,0.6129389575348357
638,0.9668570557463678,0.0,1.0,0.8235010535872844,0.5230631706578726,0.7963064204303749,0.549564558872922,0.5936645929805581,0.6566196065344225
639,1.0,0.4206904597794653,1.0,1.0,0.41678395178748606,1.0,0.6087993067814647,0.559394007087441,0.7507084656794821
640,1.0,0.19106655279031914,0.24538970582646885,1.0,0.4147042449761196,0.5961929032029003,0.9155580835100819,0.31980388716441766,0.5853394221837885
641,1.0,1.0,0.9056300987632351,0.5917601736061469,0.9004384848445623,0.8510928843460489,0.4411489536392178,0.6475750005044488,0.7922056994629575
642,0.09182331481960201,0.7448691823159403,1.0,1.0,0.5782064912667382,0.8761646043867464,0.6836026698485222,0.5340814576072037,0.688593465030594
643,0.3127986958631826,0.8033154035458435,0.7127844995581495,0.4219693337260894,0.6085031829472417,0.5483644958280042,0.6913271036420809,0.38980594388000184,0.5611085823738241
644,0.07023614402572691,0.8730037858604003,0.8961085327465598,0.5583501193552137,0.7189928135880039,0.8034683671460302,0.1760689187679812,0.4797564693152945,0.5719981438506513
645,0.44548954881319935,1.0,0.9405104959748226,1.0,0.7753376965475883,0.8838633434025264,0.9432454646874452,0.502353506085547,0.8113500069388911
646,0.2215183485016453,0.938403709655329,0.32649866183902226,0.8386652732733542,0.998449168034363,0.8841808025624109,0.640124287206169,0.49594744706328125,0.667973462266947
647,0.1455949390771307,0.9425277857582655,0.9943070689198413,1.0,0.963770180694597,0.7398115703256236,0.2929057180462715,0.34493821606715047,0.67798193486111
648,1.0,0.7935241813954809,0.20654112777969555,0.9231984547453298,0.887867699574908,0.6920912779523398,0.6229395866801728,0.40704907335426915,0.6916514251852744
649,0.4490565906224801,0.7471408246133656,1.0,0.9880929866296189,0.4304261031241602,0.8910075885504904,0.566851915468203,0.3079394146908085,0.6725644279623908
650,1.0,0.806607551228612,0.7494263974787823,0.6754262990070459,1.0,0.7237750442091108,0.6312992761067994,0.5579246603432039,0.7680574035466943
651,0.02966516538171112,0.2989068505109569,1.0,0.6944070374494912,0.986209998572464,0.9723118148752133,0.2998579607063921,0.47195261610055456,0.5941639304495979
652,0.4209968565572958,1.0,1.0,1.0,0.5956973299453145,0.6029282373365854,0.6750713779892301,0.4523929185293762,0.7183858400447252
653,1.0,0.5296595288006356,0.31553912050495825,0.8558292568591009,0.8502688215424672,0.6218749410126687,0.4945141613666017,0.63627634071176,0.662995271349774
654,0.349119955614285,0.7475389822568584,1.0,0.9257933705368946,0.6267227124201991,1.0,0.7570860556933618,0.5531032646788665,0.7449205426500582
655,0.0844075118304403,0.6759427820654619,0.34301823171825485,0.9571118301747992,0.4360283448730415,0.9715825513808642,1.0,0.5218009944937051,0.6237365308170709
656,1.0,0.8596243360444407,0.3745156648375503,0.7714443212942936,0.47689816945206864,0.6675479352580685,0.733305745316616,0.2244303276603404,0.6384708124829223
657,0.6989905067245524,0.619943751699538,0.9527545785442436,0.810703598127723,1.0,0.45063650835898966,0.41189568798471987,0.5601378690763319,0.6881328125645124
658,0.5683608355710986,0.7775291269479312,0.7223486139946201,0.7381604996164307,0.7286319250586889,0.6900317051104379,0.6482180302477831,0.16922437989422512,0.6303131395551519
659,0.4601007957056989,0.8144383459700113,0.647227726324183,0.9167910124539607,0.7572348392008521,0.7981515995909568,0.8433912505203595,0.9013793854007209,0.7673393693958429
660,0.7127372637244112,1.0,0.4647359719678068,0.5012107734518448,0.4230071871992644,1.0,0.8936313681377944,0.37263283240818484,0.6709944246111631
661,1.0,1.0,0.7743654240907648,0.5239203679977383,0.7757830110553539,0.33923129743733677,0.8644110055982325,0.8818165526989508,0.7699409573597971
662,0.0,0.10585275009139905,0.7644515669500457,1.0,0.7076145744355511,0.5803988603999668,0.1518108512222516,0.6641170904497156,0.49678071169361626
663,0.010155494034131778,1.0,1.0,0.7400781267286111,0.7005112060996949,0.7544771542374935,0.5916136141159635,0.31239555924128454,0.6386538943071475
664,0.09231606596163493,1.0,1.0,1.0,0.15189790078468046,0.9381627179979453,0.5784781538938667,0.6119511151425489,0.6716007442225846
665,0.9442773279661226,0.44485862278820476,0.5279639400359811,1.0,0.5744228210811982,0.44639210576983374,0.2619066228862803,0.7746624446468292,0.6218104856468062
666,0.30032602532900354,0.9675880996506914,0.03869589452624688,0.9664493164473311,1.0,0.5029454261242216,0.21853882805796623,0.5440998097805285,0.5673304249894986
667,0.3201373739756458,0.376849097257867,1.0,0.9248264162083772,0.31420884997684584,1.0,0.44188328398199345,0.4588648650034217,0.6045962358005189
668,0.0,0.7777315222088583,0.6672426802467842,1.0,0.13682246202420562,0.5017564347692425,0.8147673479202052,0.9054540424895147,0.6004718112073514
669,0.5895170889261383,0.8238882897218367,0.39412740442662697,0.724526214628696,0.528792621574746,0.4661114473738861,0.7045171438376642,0.8611094202212402,0.6365737038388543
670,0.46338464785565714,0.6937807430091059,0.7620650714735816,0.5170775227645801,0.6298589784019082,0.7997667467225107,0.732263866768541,0.6110205732783732,0.6511522687842822
671,0.4487955628885728,0.23764694419093746,0.39147773054118506,1.0,0.2722726755241739,0.8180802772398175,0.6041312716819967,0.3472259743286971,0.5149538045494225
672,0.0,1.0,0.9722386415152666,0.8441367924010186,0.5308085460464613,0.49829309914582043,0.4262418339496497,0.5694437591069872,0.6051453340206505
673,0.20904573734742693,0.1791121013998357,0.867111983407188,1.0,0.83626140230051,0.3548695093206228,0.8569344333921035,0.15043125023315151,0.5567208021751049
674,1.0,0.3332156827302628,0.7248789548540383,1.0,0.3167490220888161,0.7336552961209869,0.6492402563968707,0.4732250248457852,0.653870529629595
675,1.0,0.9312274074020593,0.0,0.15434872558126392,0.7184770703103956,0.5449931871197612,0.23648157750297413,0.6146930800656099,0.5250276309977581
676,0.5330105535513372,1.0,0.4542572194917515,0.11096320024411918,0.32924776982477366,0.3624063168241564,0.5403924782570889,0.5184325910502428,0.48108876615543367
677,1.0,1.0,1.0,1.0,2.0000000000020002e-5,0.5103852162316919,0.9178078609273866,0.6918335922047897,0.7650058336704836
678,0.7747764765624753,0.39765853818543506,0.19351929980450658,0.6732465857140685,0.9694138138329655,0.20708490554962825,0.4164991092680466,0.4855608655376258,0.514719949306844
679,0.5519305280053233,0.3522187481683501,0.4139478960039925,0.9967763012392701,0.2956331775764878,0.79063745694647,0.40060605928261545,0.8755105328847576,0.5846575875134083
680,0.9893753519234244,0.5327057215258494,0.7758898793201966,1.0,0.6310177125347594,0.8726362700791048,0.7553123240382879,0.4637148271502256,0.7525815108214811
681,0.014042335783610398,0.8634061642195877,1.0,1.0,0.4778265978601488,0.44074005177832504,0.7848080298414037,0.7566882371389351,0.6671889270777513
682,0.0,0.8144181628106485,0.9346716428415817,0.5175727665984134,0.3047487896927237,0.4572950628767999,0.6751875355708475,0.24747555171778607,0.4939211890136001
683,0.06744271872982655,0.31434309155447304,0.5981227329717979,0.5504002954172315,0.40589893370297503,1.0,0.27853005171343737,0.5387358561689346,0.46918421003233446
684,0.18582525069144967,0.7026460020325889,0.6763977665968955,1.0,0.9459011400081908,0.7195732739421337,0.27936432358523794,0.8193427353625069,0.6661313115273754
685,0.9970533177517875,0.2391953274801993,0.7155831231278079,0.4898183801711959,0.4889184863348539,0.7684002866224872,0.5603374529922777,0.1851619594206057,0.555558541737652
686,1.0,1.0,0.5444566020173743,0.6909469847641817,0.43526104563398976,0.5698985799616193,0.6845620184804699,0.672765646047424,0.6997363596131323
687,1.0,0.8256958148140437,0.7431797754762886,0.04690282986235097,0.525529016841419,0.49782748057075954,0.3610385348706624,0.3225675990246017,0.5403426314325158
688,0.7634843418331358,0.7537210549807937,1.0,0.17725260802046916,0.6570958147653283,0.8351108288397652,0.45155947479234354,0.81138701993577,0.6812013928959507
689,0.34205819086063816,0.2799076824253443,0.9896735431184807,0.9537904628457077,1.0,1.0,0.7427936519806344,0.5923917490015639,0.7375769100290462
690,0.9714842122059003,1.0,0.2952156592996419,1.0,0.7376539813571074,0.7663316306862066,0.4831753648110317,0.6325041488507677,0.7357956246513317
691,1.0,0.7915714662311308,1.0,0.41051312628356684,0.9231650544080927,0.80320973833324,0.7465833113651738,0.9150376278951482,0.8237600405645441
692,1.0,0.6841207964454731,0.37916122604800023,0.4828843499793309,0.9168021516378289,0.6567526683213238,0.727834593317168,0.321247832104812,0.6461004522317422
693,1.0,0.16343879757902097,0.49343729579154,0.1698159918170682,0.6971656073646387,0.680401925430011,0.5828715895384653,0.3292690348682512,0.5145500302986245
694,0.30382089585025235,0.7517932224096803,1.0,0.48683911596647417,0.6065838340782389,0.43308986272764094,0.6838490563833791,0.47439889249559686,0.5925468599889079
695,0.5509329782106114,1.0,0.9725142882222161,0.967927531865464,0.46648370100563774,0.5178860031562672,0.06954399140996514,0.3672090081113596,0.6140621877476902
696,1.0,0.8000955054645443,1.0,1.0,0.6895300294601975,0.23824071910134723,0.8333013976956325,0.47421766061111054,0.754423164041604
697,0.7899612722394501,0.5880848713292762,0.40449154249262925,0.7460838144402167,0.486442931153693,0.6626069987905459,0.9331686900385349,0.7425102715335394,0.6691687990022357
698,1.0,1.0,0.8124474970562401,1.0,0.9008237695492751,0.48786052704637667,0.6180837628180985,0.7529753538861301,0.8215238637945151
699,0.0,1.0,0.871783609367603,0.8912445889060141,0.6981243931253805,0.8337508182477191,0.18711303512619099,0.5622120290463222,0.6305285592274038
700,0.7792515205847746,0.40349869664162175,0.6987095521647227,0.41197496193775435,0.40954438197655263,0.649915629253055,0.747949285329256,0.5910076424695869,0.5864814587946655
701,0.6027587873088182,0.9112838552204916,1.0,0.9468920708063991,1.0,0.23660596326518055,0.670077819868959,0.4053341244709988,0.7216190776176059
702,1.0,0.7948262436597993,0.29486598486983473,0.8046680676916107,0.6330542949045039,0.49830393185593463,0.36651600387513633,0.3358419484065001,0.591009559407915
703,0.6994499967240017,0.23030979730785625,1.0,0.9319812687605563,0.6851788555599959,0.9982877080134863,0.48396908154301654,0.4606668472424753,0.6862304443939236
704,1.0,1.0,0.7759457908354908,0.3198896708584413,0.8896216836658039,0.8147776192594294,0.34991453377779835,0.8946474127648694,0.755599588895229
705,0.9981636765323927,0.7300333225013446,0.42372084281132355,0.5287476179740556,1.0,0.26520833012041467,0.7489354375692885,0.6515323942045631,0.6682927027141728
706,0.015882828436680763,1.0,0.002397674265502276,0.8911344215612639,0.5272495732916815,0.36179910963169315,0.4717139742185058,0.3454688997621697,0.4519558101459371
707,0.11095977846224218,0.9313074052647198,0.6231494455929896,1.0,0.5083675677005842,0.8679387046697761,0.6650706802622468,0.8310821386809072,0.6922344650791832
708,0.9473386679210448,0.0,0.8286518908267093,0.6680410125624727,1.0,0.2568637211774837,0.721161290149924,0.5385372375267086,0.6200742275205428
709,1.0,0.24865194041333188,0.18016617133299054,0.8758589753931589,0.6613448805399896,0.5330645528325831,0.9058033405674588,0.49737249123291166,0.612782794039053
710,0.8377722179169758,1.0,0.6651988568413051,0.5099937023656096,0.82031384408496,0.2797324050159971,0.5575093331671426,0.5189609555625858,0.6486851643693219
711,1.0,1.0,0.8128115914468337,0.778421898942099,0.5985550092387256,0.6139033969917171,0.5072569792881606,0.7748112008715485,0.7607200095973856
712,0.6353817128730931,0.8231395586716651,0.7354765844747942,1.0,0.5301601492205726,0.4144546423565212,0.3265850766007854,0.49013294302034593,0.6194163334022224
713,0.3891990545483661,0.8858196667866722,0.8473313090807394,1.0,0.2847410305157008,0.7432873950984692,0.5698143524431023,0.9145372856469349,0.7043412617649981
714,1.0,0.44276337496526286,0.5255693422649859,1.0,0.8289951841081709,0.8458953208471695,0.4600953102608667,0.4379947540400992,0.6926641608108194
715,1.0,0.23438937662915796,0.7890923419401599,0.7041110667352494,0.6859890350206421,0.9743605650278007,0.7457639388065149,0.2816448666806243,0.6769188988550188
716,0.4763523738942737,0.09180936595249752,1.0,1.0,1.0,0.5306946158978167,0.8161425035943288,0.5119145520664737,0.6783641764256738
717,1.0,0.9234454687581269,1.0,0.5825013006117591,0.6799490725822213,0.5493752211870454,0.8921947526764794,0.5836174316862187,0.7763854059377313
718,0.0,0.7911068821311917,0.7058730351494709,0.4956843610446265,0.6350811442861259,0.5591691030912744,0.7562123779700626,0.6787512014254343,0.5777347631372733
719,1.0,0.30614684895890243,0.9974016955686252,0.8681716877266554,0.4301644687485637,0.6903928020692385,0.9340313777697692,0.800131740502796,0.7533050776680689
720,0.14769374144998348,0.6175256426631669,0.8988450307191616,0.0006079138540177672,1.0,0.7111621590859242,0.8531482396193759,0.6391069578359797,0.6085112106534512
721,0.705086713000074,0.8190482887608462,0.7819543292202803,0.5115506835643073,0.8589706404973108,0.702412373994934,0.28817959732828563,0.2914528457632457,0.6198319340161604
722,1.0,0.9463724414752476,1.0,0.8553585410978698,0.7408852160097604,0.4515065466244325,0.7659078068697045,0.6783896149918476,0.8048025208836078
723,0.17608163391373832,0.8133211815349021,0.4904318161658423,0.487011330993257,0.9841804517107117,0.6242214851615316,0.8059201576640753,0.23353754116984185,0.5768381997892376
724,0.2549343249568764,0.7087738941858522,0.7671697042231863,0.3319577615219073,0.1892133248415101,0.7135990319132476,0.754465725319135,0.3882963493729467,0.5135512645418328
725,1.0,0.32167547898113796,1.0,0.8470111767761086,0.23054091986125597,0.9745766921080737,0.667649377912974,0.21432946471490233,0.6569728887943066
726,0.0,0.31340808136968673,0.9117560198885051,0.8673492700457996,0.37271156079152656,0.26749557899365795,0.590273884658516,0.2556333584016835,0.4473284692686719
727,1.0,0.7861628261650767,0.6862999011269769,0.4846747475054329,0.7841009236227658,0.459998195445082,0.24722845255359924,0.8807609667474298,0.6661532516457954
728,0.44606048188971237,1.0,0.3811171907453351,0.7565079827951025,0.9027774370575261,0.48684107973039964,0.7864599525822425,0.5485618454586966,0.6635407462823768
729,0.6019402909364573,0.552364759982121,0.3866902969078289,0.7651193703952603,0.6743045201827358,0.4570572968624646,0.3062953304821772,0.40887265134789635,0.5190805646371177
730,0.4780469705839318,0.7999398538333556,1.0,0.18658537951962942,0.7219105412027454,0.5133039959344289,0.38830255339614794,0.6881236706633127,0.597026620641694
731,1.0,0.4135411446375795,0.6974319718529846,0.30501793710795827,1.0,0.4500554021050571,0.738628341188859,0.30863871828553535,0.6141641893972467
732,0.9414906453440055,0.04596176278819285,1.0,0.8131671018718616,1.0,0.5986162178252203,0.5704785892340156,0.8931731880912872,0.732860938144323
733,1.0,0.6469948811702937,0.5436592496267781,0.6886374293480696,0.43686946090382606,0.46581724075110686,0.38944974884470823,0.32523560925987777,0.5620829524880825
734,0.37584708866961425,0.2305629565029975,0.5812486574873073,0.47142866483196966,1.0,0.7182654769142883,0.8359857405395669,0.1516592742643152,0.5456247324012573
735,0.017728628654034573,1.0,1.0,0.8334314848755594,0.7161568665693182,0.24595818405285239,0.35525971659812755,0.699744256399413,0.6085348921436631
736,0.19658236899059528,0.3056969255969306,1.0,0.04648068977265996,0.8095730149631036,0.8107420847977302,0.6632343366828769,0.3256946824986148,0.5197505129128139
737,1.0,0.0,0.7951884887250534,0.5137464303410932,0.8521699620154202,0.17072007196240113,0.5740565186589728,0.6120734906966542,0.5647443702999494
738,1.0,0.0,0.20554764533762263,0.8078942858761424,0.6565337386670209,0.3259802685648602,0.5653433944018054,0.5507299236645334,0.5140036570639981
739,0.5893175254716462,0.22950273568743926,0.7405351414217064,0.7353791497924433,0.6204426800346177,0.7873595679738713,0.30567502765649623,0.25528878388593623,0.5329375764905195
740,0.6723389748691415,1.0,0.7112606311655366,1.0,0.8527405549261526,0.5369178576619867,0.632617936619953,0.6558941027858991,0.7577212572535836
741,0.007031283488379466,1.0,1.0,0.8874213289981674,0.20768295791853741,0.908056638629351,0.9264567687011055,0.3447856809403012,0.6601793323344803
742,1.0,1.0,0.6068332591322301,1.0,0.7639948656074547,0.4760791960316155,0.6531001832489128,0.24238064639083373,0.7177985188013809
743,1.0,0.3851142697986829,0.917802489287105,0.8427953509426745,1.0,0.8004286594498209,0.27315567225843956,0.25409441289934015,0.6841738568295078
744,1.0,0.9224858541288569,0.6391910017688973,1.0,0.5380526206427239,0.31858466586992107,0.7498301232426541,0.3341796422785579,0.6877904884914514
745,1.0,0.9070779143235045,0.9439290219789728,0.4586123327319824,0.5605746576177195,0.28061668612756485,0.6792045499779557,0.5441420679020327,0.6717696538324666
746,1.0,0.4919389582765892,0.768522472313241,1.0,0.49337741010723246,0.3322677403650477,1.0,0.7362874138635483,0.7277992493657074
747,0.1390003059043891,0.6449853090797201,0.802196311396633,0.6711112219660825,0.20058507037725604,0.8787189366627591,0.6604883681538448,0.40980792643931435,0.5508616812474998
748,0.45477037388080893,0.9139291647253852,1.0,0.7748047204727522,0.8940641330597221,0.564316542528811,0.15367148818492032,0.47654494422167104,0.6540126708842589
749,1.0,1.0,0.5272131480972148,0.6266926540107965,0.9613037243013092,0.48625305687645176,0.47103596108763995,0.47549672411350746,0.6934994085608649
750,1.0,0.16339468549612024,1.0,1.0,0.7141370894217499,0.624574337049856,0.4008853296970748,0.7098422434661381,0.7016042106413674
751,0.894492566775922,0.4130496888845917,1.0,0.37276738974995316,0.663304459934447,1.0,0.5448123805635615,0.8024291813982605,0.7113569584133419
752,0.5830179161627429,0.826832946660371,0.3168168979867728,0.1113213892248379,0.5313845641536175,0.8748183250951628,0.6241479843054589,0.4365876367394456,0.5381159575410511
753,0.5134888902322925,0.7267893721919831,0.6212302149150536,0.7017267041599262,0.646090852306885,0.1504932331968214,0.2255197664440049,0.7741575363771992,0.5449370712280207
754,0.2534002583516123,0.8287821318379882,0.7719456149923499,0.9213935305829363,0.0,0.48030507975616077,0.24725067913212664,0.754713161635394,0.5322238070360711
755,0.39763171901118316,0.042777427227826924,0.605539412910642,0.8198600524227918,1.0,0.8610974782577995,0.7698388068634702,0.5409194188416837,0.6297080394419247
756,1.0,0.585206578338087,1.0,0.7196674030879376,0.5926973202287169,0.5974621243102545,0.49600520010809646,0.7411590907034548,0.7165247145970685
757,0.17122030143417688,0.02875541446159377,0.7347677544162354,1.0,0.7767978596260658,0.5706784434106389,0.7058847001487211,0.28705652279337346,0.5343951245363506
758,0.13818845733938323,0.4952559360744077,1.0,0.722283718219772,0.7209095571399643,0.7987820267208112,0.7122078078556515,0.7155031629223588,0.6628913332840437
759,0.017477825016979736,0.8230750955221364,0.9048549272968567,1.0,0.13375845061411346,0.6580431210313678,0.6978383104363414,0.6376869347405494,0.6090918330822931
760,0.12422031122137726,0.8716655906448677,0.8262900422586004,1.0,0.46344978059737696,0.9190780736485532,0.3506316000420604,0.6782213760707758,0.6541945968104514
761,1.0,0.7015945167655598,0.2567861975111691,0.35637413325519957,0.7883747582195652,0.6807036904487395,0.4241487505917167,0.7660792940405857,0.6217576676040669
762,1.0,0.588667224996019,0.949782495538729,0.9666134035614813,0.44283909929647075,0.5876440733169137,0.4674476782725256,0.9233142924873516,0.7407885334336863
763,1.0,0.27695124885583305,0.8734986213320005,0.7933024859084624,0.9943010201954952,0.6199164617919736,0.35672255241704853,0.5693956573855533,0.6855110059857958
764,1.0,0.5702192028086519,1.0,0.4995871456033051,0.25942644785692415,0.5574023803713994,0.8889163034227976,0.8285889906699857,0.700517558841633
765,1.0,0.4577821928666154,0.6581037203407678,0.7782858821183914,1.0,0.6895010354590234,0.6479299001189156,0.5779628874868784,0.726195702298824
766,0.31660072473878403,0.5738934824921772,1.0,0.7580411135127808,0.7324489815140878,0.8542029359014806,0.9376410824885218,0.2126998964717673,0.67319102713995
767,0.21480965177661515,0.9739979948400233,0.8634888429195702,0.7077791995210907,0.2097357527301913,0.8585975869542747,0.5048237583335987,0.9450690322235146,0.6597877274123598
768,0.21265861274761821,0.5680247180781762,0.8058920592771885,0.8659440970449476,0.8794913317502536,0.6151259380202487,0.5096654516149998,0.16790304408738013,0.5780881565776016
769,1.0,0.9934671747375056,1.0,1.0,0.8106000303787128,0.5431864403515052,0.3984509163577981,0.413640620480164,0.7699181477882107
770,0.0,0.928243909519284,0.9102254297947585,0.9357522478652984,0.37181965616419316,0.9798431133753727,0.4424046090690124,0.5500331316287892,0.6397902621770886
771,0.36758851887424376,0.5581938196599598,1.0,0.7410233227078457,0.8245324337401483,0.8266039329436619,0.6592749319901583,0.6408300073561068,0.7022558709090155
772,0.24437813066048772,1.0,0.6366118658949699,1.0,0.914193021387873,0.5439040549032369,0.9588387764896537,0.5026783112167208,0.7250755200691177
773,0.8303386942756018,0.073995404906627,0.9474499056304911,1.0,0.6184766663256519,0.6908790149290918,0.7251714158420429,0.5415546358197058,0.6784832172161516
774,1.0,0.5165169150727114,0.853602110363956,0.20027795917785501,0.6984583807310877,1.0,0.7660757161806842,0.6670140859298734,0.712743145932021
775,1.0,0.6202954642903603,1.0,0.24956757232363044,0.9684703909043474,0.8352254880360002,0.4043927051213983,0.3919851985011388,0.6837421023971095
776,0.4099561128434413,1.0,0.9288001098996372,0.674717762152741,0.9394078406643552,0.23245583309398932,0.8103572937604505,0.6056392058569791,0.7001667697839491
777,1.0,0.3875691880633349,0.5487249813659172,0.7804384544683606,0.6398583830126547,0.5738533675214346,0.5586521565681339,0.6257563181882997,0.639356606148517
778,0.7797011274820479,1.0,0.41142705370779864,0.6164110630382025,0.7298301971128948,0.9663370344868026,0.3253377831278152,0.8870627051438346,0.7145133705124245
779,1.0,1.0,0.9539384927104323,1.0,0.9038852382804569,0.5686223198374337,0.399944537957784,0.6193628861770467,0.8057191843703941
780,0.48565749864244445,1.0,1.0,0.7990998733884951,0.2720488968605825,0.19795524982401944,0.6939384783795024,0.4649936171135231,0.6142117017760709
781,3.3333333333366674e-5,0.3507382019760142,1.0,0.9301352141456553,0.90448325861679,0.9851876676581991,0.6444993306267548,0.6007281863158703,0.6769756490840771
782,0.957099081106265,1.0,0.1019475125726338,0.3133166276498888,0.9513028951259631,0.7968015664979924,0.8559730704768514,0.21617123618560768,0.6490764987019003
783,0.456442172809451,0.6938606285016757,0.18064314716235086,1.0,0.9554854822701192,0.6556466862080025,0.34422279013097046,0.49420131265297285,0.5975627774669429
784,0.38740785933661187,1.0,0.584577295096693,1.0,0.5569050546042909,0.24451831075448235,0.9858662384683843,0.6699880085561709,0.6786578458520791
785,0.22100559576869647,1.0,0.7458458159023331,0.550001183003893,0.2679481879903797,0.1844173825198921,0.43921189342145467,0.2607510943027202,0.4586476441136712
786,0.6734613269831565,0.0,0.6729255827705131,1.0,0.7950129665946887,0.7212138418168469,0.3623619481411824,0.38304738608081,0.5760028815483997
787,0.6882641974966163,0.5153762329986672,1.0,0.8105881685036334,0.7906881197014287,0.3212227710224296,0.8965270693880818,0.3417282122674928,0.6705493464222937
788,0.423098314367458,0.8742929529460011,0.8183993807433507,1.0,0.6983207378920725,0.3248642762085739,0.5588714746028222,0.6436966027689099,0.6676929674411485
789,0.31206093566096965,0.0,0.981409413948158,1.0,0.863653243067829,0.27292828612554954,0.34569814590797254,0.5782121066399711,0.5442452664188062
790,0.805528927866032,0.3299545125727063,0.7876200566217949,0.4751892436557308,1.0,0.4273687152064481,0.5180926833560466,0.5080483040865105,0.6064753054206586
791,1.0,0.6282027364047033,0.4636521580198183,0.6699227358943353,1.0,0.9217176391524924,0.656563995316841,0.8951827634906342,0.779405253534853
792,1.0,1.0,0.949524372348649,0.2115338912456454,0.7944701669735144,0.4312493306005568,0.7526659447731685,0.5586660980873235,0.7122637255036073
793,0.5212534316628918,1.0,0.1283289216751506,0.718120883783528,0.45586733617984665,0.9867509476786835,0.4908250468590081,0.24645759740228204,0.5684505206551739
794,0.08630045377580146,0.6135228033976518,0.6183657126743869,0.48067639230200665,0.24268938540932705,0.6374229089605933,0.7105447624418711,0.38278483175981554,0.47153840634018174
795,1.0,0.7145997495770926,0.9281829106516892,0.7710838379127841,1.0,0.9781539195194574,0.4740988058516829,0.4679457114407502,0.7917581168691821
796,1.0,0.26605149349374735,0.0,0.46963366127516915,0.5015150859984038,1.0,0.5866929558384538,0.2534325836818365,0.5096657225359513
797,1.0,0.4054467943777491,0.7077340549194692,0.0977922198930565,0.9686208271330704,0.24776613880571344,0.8170688714063736,0.7810286011248926,0.6281821884575407
798,0.22840562345873422,0.867808085442079,0.9536957824059494,0.6413577592400718,0.4897945286449462,0.5434652265997546,0.7024089758582702,0.26085743666955713,0.5859741772899203
799,0.4309427245837152,0.620507933410959,1.0,0.9423879164715644,0.5821684372377645,0.5728009873734882,0.36351121471726844,0.28491075036584584,0.5996537455200758
800,0.7928811089358654,0.6764582607578127,0.5833019843767987,0.7989659612816377,0.5514393600415607,1.0,0.8683499124630737,0.14860003817480671,0.6774995782539444
801,0.7776253734705946,0.0,0.6007068372460873,1.0,0.9407738000988125,0.969517682937388,0.32873109362403924,0.657637618848105,0.6593740507781283
802,0.0,1.0,1.0,0.09455881752327763,0.8085131080648211,0.6011372062110889,0.5868134417551928,0.33156128440345467,0.5528229822447294
803,0.7218158672211317,1.0,0.5910691112662216,0.5013277192010491,0.6776810355080362,0.5217002572649244,0.6278600814326752,0.26039784880685546,0.6127314900876116
804,0.30425076262533224,0.8054600356409061,0.6626874697149171,1.0,0.633946522734097,0.9662355208614776,0.6497658385054728,0.8058012718450603,0.7285184277409078
805,0.7802641258960926,0.7454879275573959,0.7576347154482014,0.5368322533884229,0.5035758164977899,0.8388933607495873,1.0,0.8161536139084505,0.7473552266807425
806,0.9883579775145831,0.7138010254920094,0.4526344124374371,0.8231020642425118,0.7686093414319461,0.46848983525386056,0.5623075287013408,0.6884034111736594,0.6832131995309186
807,1.0,1.0,2.5000000000025006e-5,0.6724390471810889,0.9567635540354819,0.666613843974333,0.7460740448187734,0.788149011569875,0.7287580626974441
808,0.6160320744364771,1.0,1.0,0.510976932585221,0.4652639763067862,0.5235259559170603,0.4822693914799907,0.6949899228732854,0.6616322816998526
809,1.0,0.028793850540011413,0.8803789702587662,0.37427518904508816,0.5246264288320757,0.4842154888267998,0.4624493984534605,0.6203662200491327,0.5468881932506668
810,0.2900743158291299,0.9384915129281762,1.0,0.42491479160297185,0.8198812280922352,0.5621111192711469,0.9016528924601507,0.36635486185780664,0.6629350902552021
811,0.6643363167472309,1.0,1.0,1.0,0.7692564599844056,0.9122510114306072,0.6417380105904912,0.730879049671862,0.8398076060530746
812,0.27587222620897855,0.16979403226420967,1.0,1.0,0.8214338515010962,0.6158591880869827,0.3724379351995277,0.5348453495676795,0.5987803228535593
813,0.058043270925065005,0.020835893188333614,1.0,0.7731859112302449,0.9716496307073397,0.575454611198674,0.6472245677700087,0.5615960564569565,0.5759987426845777
814,1.0,0.0,0.9357923497159064,0.4456114950245439,0.3329594597803692,0.8859272427527396,0.39498843782251997,0.6988573255815366,0.5867670388347019
815,1.0,0.13617488298460928,0.45329317417591863,0.35853038483298544,0.650142336108225,1.0,0.7239784161849381,0.7757557807455865,0.6372343718790329
816,1.0,0.2204871726242139,1.0,0.9586260586347796,0.37329600811094266,0.42295836366700534,0.5922779790984003,0.7492631842299714,0.6646135957956641
817,0.7956365879329621,0.25455299993008396,0.4080506486156773,1.0,1.0,0.6172480473435845,0.8641745341367538,0.8583593525246505,0.724752771310464
818,0.7850087758757285,0.9076694511994308,1.0,0.1084742744114597,0.9709429547694032,0.7990861222496026,0.7255922785721215,0.4432204434729562,0.7174992875688379
819,0.40255379536106217,0.776098979685622,0.773577848953136,0.898297469759292,0.11862647272814941,0.5691176899446021,0.3255723030299378,0.7029689876952061,0.5708516933946259
820,0.7724391663930112,0.9168995809796151,0.9780065500713591,0.5940001122622942,0.9082491864072229,0.9383601040854694,0.9862513559879621,0.5303267799344183,0.8280666045151689
821,0.7167535854272554,0.4734049574249159,0.7469286001620564,0.7429072553361766,0.8158305470733836,0.6697015189000622,0.8252940481241222,0.3801692538687554,0.6713737207895909
822,1.0,1.0,0.7242223570788663,0.7280550410689068,0.9041956434411624,0.7708201620721987,0.6985403846053638,0.6852825767696389,0.8138895206295171
823,0.40760206358249434,0.6746940069190629,0.5867929347908047,0.6120806759375844,0.6271736609918258,0.9533357403747355,0.6688844759796515,0.4678342818545646,0.6247997300538404
824,0.06835556588869474,0.6814173688030121,1.0,0.9153582702142847,0.699741044268799,0.9744338808990173,0.9111615995096272,0.9716438725441356,0.7777639502659462
825,0.30670658255939715,0.7634312625550236,0.4950477509388638,0.5173312402349818,0.6173193801763446,0.776328908408099,0.5311702592556075,0.28746383994634495,0.5368499030093328
826,0.6052214512365554,0.47885440815377706,0.9354728374541982,0.3998660731104156,0.8148019142923559,0.7807459248843623,1.0,0.23856053320199744,0.6566903927917078
827,3.3333333333366674e-5,0.7445467396560816,0.6805673703542189,1.0,0.7143681253034736,0.8341553785256042,0.7203954877287293,0.7187425136692791,0.67660111857134
828,0.28080541547042814,0.14364401969405424,0.15562830003253844,0.7937328866199137,1.0,0.8944785926892007,0.9791321408999458,0.4272059537142835,0.5843284136400455
829,0.9235553116895016,0.9503165683578574,0.35688491261018573,0.6514850674899748,1.0,0.6735589546683137,0.7995526462303313,0.6274320108697525,0.7478481839894896
830,0.0031552104057031016,0.2620293282174629,0.5501675928515555,0.5047694214795202,0.7412202065374585,1.0,0.5243688300914336,0.4523488492063444,0.5047574298486848
831,0.2218399488681568,1.0,0.9742991435766677,1.0,0.8238636221045113,0.461321199418816,0.3315185226709964,0.41581193499316954,0.6535817964540398
832,0.6660969473951159,0.807082649435464,0.21697887712084435,0.8626854425592495,0.8474073248608194,0.6682201321774319,0.35198807668665977,0.8226229033528284,0.6553852941985517
833,0.8019546456601708,1.0,0.7326065132536136,1.0,0.8989098132586227,0.5804147256078821,0.800324393345665,0.6602582786399316,0.8093085462207358
834,0.8055472028618681,1.0,0.31094203390414704,0.4459960990433277,1.0,0.7763020877766921,0.8965815098527737,0.7215583356464594,0.7446159086356585
835,0.9641693423106057,0.42187289018860197,0.40664140182692593,1.0,1.0,0.7188752491008239,0.858291420532515,0.6938463564058093,0.7579620825456602
836,1.0,0.04509225628227611,0.3128195703038302,0.8461734657194604,1.0,0.9574820352982738,0.7065140094535087,0.6317852540186855,0.6874833238845044
837,0.4411090591818943,0.055562385672877246,1.0,0.8739884286353641,1.0,0.7069308416119311,0.46042873876837664,0.1877589365066942,0.5907222987971422
838,0.7628195553729955,1.0,0.9672526300704628,0.4941795597576579,0.007005383544300692,0.6793702304206334,0.574596834030451,0.702617696604201,0.6484802362250878
839,0.9183532459915822,0.8537763304475776,1.0,1.0,0.6489880524050506,0.7381680395942041,0.5749538049595937,0.657899517760495,0.7990173738948131
840,0.4736733712755644,0.8998248267175671,0.08786025373146712,0.9632692367210319,0.8137561478071027,0.7438267886828631,0.44563887650561024,0.33544502247512115,0.595411815489541
841,0.7660799894518696,1.0,1.0,1.0,0.1153006991889266,0.49152149162281555,0.504189855745277,0.5366755943083983,0.6767209537896608
842,0.6700057076795579,0.38638414752814365,1.0,1.0,0.16759927321524815,0.4017102676520977,0.43920417275562285,0.45004895888557506,0.5643690659645307
843,1.0,0.0729604826602345,0.9806402650562673,0.6471986600383468,0.14977333411747673,0.6321814704769594,0.3682428468638583,0.42580698269061207,0.5346005052379693
844,0.2235473288649199,0.7968095250910833,0.0,0.0907022670524594,0.8936391117021026,1.0,0.43708288003810164,0.4616342075490416,0.4879269150372136
845,1.0,0.44612893890121696,0.8042080187161523,1.0,0.6565527989445044,0.5978094545130215,0.7435840631194458,0.6177580531691603,0.7332551659204376
846,0.6398469036108375,1.0,0.0,0.9024020146719468,0.5375800489170085,0.3706833035100086,0.37073939726584965,0.958707391265745,0.5974948824051745
847,1.0,0.9663358779508333,0.7852236497490211,0.6895036334271588,0.6180917592985283,0.81694838538545,0.6633120099721539,0.7849708700765224,0.7905482732324585
848,1.0,0.9245715312356498,1.0,0.5525120076164902,0.6307298925624144,0.5157042572981324,0.535601955714899,0.8982094871469731,0.7571661414468199
849,0.9991508291426079,0.6737591227394925,1.0,0.33859348595143257,0.8580275582128916,0.5988327675706927,1.0,0.8879440946207062,0.794538482279728
850,0.0,0.12820992861044586,1.0,0.6248010721111408,0.5786375775472974,0.3762712713967441,0.4815448271338443,0.52806524113635,0.4646912397419778
851,0.48982434889470833,1.0,0.9278155605501085,0.8684805844852312,0.529043804269631,0.30739453105215997,0.3332737562185053,0.47685180282045103,0.6165855485363493
852,0.46298048974985906,1.0,0.5111256402379347,0.7256944941703918,0.6006761112503337,0.9053478056959825,0.6697988640774363,0.47034279040113675,0.6682457744478844
853,0.690695018061141,1.0,0.894922567291419,0.9223079834501269,0.7448961289487843,0.6291633817027719,0.29045052134418675,0.40380923020097054,0.697030603874925
854,0.6381600660306113,0.192719042496764,0.6462375093435382,1.0,1.0,0.7750532215221851,0.6091508310547898,0.3575829684070977,0.6523629548568732
855,0.8430949739320927,0.9920235568749598,0.9218144323529986,0.0,0.4942131683389801,0.5505304638068439,0.4592420172963634,0.6609311426114173,0.615231219401707
856,0.7763473024625323,1.0,0.8454141157185069,0.7628756635970695,0.8802486690541813,0.5290768072972425,0.34211170398615864,0.708378033712959,0.7305565369785813
857,1.0,0.3644467655428268,0.1406415287496514,0.3165172342295515,0.7440461756129052,0.9891352931213087,1.0,0.33872160665514234,0.6116885754889233
858,3.3333333333366674e-5,1.0,1.0,0.6303415380500782,0.5903896758688476,0.3992132350849371,0.8118817631444819,0.36485192171885633,0.5995889334000669
859,0.6517280383102102,0.004678626066080748,0.7283654767299423,1.0,0.7790776778654768,0.6145670169843681,0.24276678586362604,0.7440827835508047,0.5956583006713135
860,0.9137027741760382,0.1546605583868131,0.7123792744554693,0.636556797453582,0.651778335494377,0.4362402229071476,0.47397475081732626,0.7609971409076263,0.5925362318247974
861,0.5423150789952031,0.24336595457824836,1.0,0.8051232806698644,0.886603650099588,0.6293013519721489,0.4189383403049952,0.7509207331385527,0.6595710487198251
862,0.43782300337320373,0.9078021251692907,0.6170653216734432,0.5867001189384388,0.8329403582075667,0.6375823977777495,0.6092478373345405,0.4608968169532338,0.6362572474284334
863,0.5069520730238013,0.372490180108762,0.7365710924048333,0.6113113341358469,1.0,0.91496875114126,0.9953094617317376,0.7498086850009912,0.735926447193404
864,0.9102920565185348,0.4364898256641306,0.5444679622832683,0.5598052956543101,0.787817151456498,0.9399345514308107,0.4978804921313693,0.7872387228659512,0.6829907572506092
865,0.0,0.7801517674197272,0.6507589513339886,0.7235553199172688,1.0,0.32508757599089094,0.5823335100620484,0.351320259244849,0.5516509229960966
866,0.06483545689189482,1.0,0.9142848054138975,0.05540516792776341,1.0,1.0,0.45366924425750293,0.6636690976755966,0.6439829715208318
867,0.0,0.8718877470391861,1.0,0.3485783777236003,1.0,0.2962686197397237,0.7406826076477155,0.28449176041252683,0.567738639070344
868,0.7623480783755475,0.8551111019847017,0.7680997490552508,1.0,0.680581526596227,0.8724629424562605,0.548147689072041,0.3691723888927466,0.7319904345540968
869,0.20091643719670021,0.8116745157881146,0.7374118754914916,0.3056948830231773,1.0,0.7355356618974814,0.3026741749757568,0.6655013755609597,0.5949261154917103
870,1.0,0.7333389040473483,0.19596642807719858,0.666300643802324,0.7332819924890174,0.7650118804062551,0.5385244648778712,0.8358944362821972,0.6835398437477764
871,0.39365099951309823,0.33754373396722004,1.0,0.9436519041771301,0.8427515233837498,0.8477487355969814,0.2831697140818384,0.553355742924404,0.6502340442055528
872,0.3686906775905302,1.0,1.0,1.0,0.8587462293656063,0.27562206459236915,0.36393492748479767,0.9300897230590268,0.7246354527615413
873,1.0,1.0,0.5356393332444767,0.8060915471968506,0.7218461668236161,0.8594118827797983,0.7764343055184956,0.2446937096731006,0.7430146181545423
874,0.05763941564882191,1.0,1.0,0.9681402248110782,0.5507490190921246,0.41981817060769955,0.4761042713139191,0.5696251074943306,0.6302595261209967
875,3.3333333333366674e-5,0.24105777547553073,0.7510559948160141,1.0,0.6512046555704837,0.42331449098309015,0.9300264718658211,0.4126039816288299,0.5511620879591378
876,1.0,1.0,1.0,0.5213782678218827,0.24602958088345894,0.5248091668903617,0.33153830326440475,0.4421870235594074,0.6332427928024394
877,0.7996381152856419,0.25194827271444653,0.6121419607873283,0.9052396441555383,1.0,1.0,0.8501809423571791,0.2996162618435349,0.7148456496429586
878,0.4665178042438045,0.5500371444868377,1.0,0.5917202701076864,0.41634608269951967,0.6302796437379412,0.9288786631375499,0.37283670767308597,0.6195770395108031
879,0.12659953187794348,0.9629146869617629,0.8804846853216559,0.6606738950318999,0.607678785928133,0.6947560333606159,0.6070798199098328,0.6670281836457959,0.6509019527547049
880,0.47472001715255974,0.6196852532327602,0.8860424312134376,1.0,0.9687009970105123,0.571874193361722,0.8868221642242179,0.8575046511500736,0.7831687134181604
881,0.6799524745859723,0.3270180979437646,0.750756325583652,0.6485885215091264,0.9580549892076864,0.72286661949608,0.6799842397215312,0.2909013763210075,0.6322653305461025
882,0.5251858611017087,1.0,0.9903943054014113,0.7428317149135599,0.4935403248737516,0.49996980638526173,0.9417518477730176,0.514662364562266,0.713542028126372
883,0.0,1.0,0.6304425232065263,0.9864554782411715,0.7349165767020671,1.0,0.28148012626830476,0.29429830302175686,0.6159491259299783
884,1.0,0.8137584881408018,0.17576591546380022,0.8342726916994734,0.7508454225295259,0.6167757987370028,0.6931048296227004,0.45129778913764057,0.6669776169163683
885,1.0,0.3269540699536936,0.955105765202142,0.7954801573420925,1.0,0.38482536479804474,0.6613104236576317,0.4850498883920182,0.7010907086682028
886,0.021207869665867962,0.37300940940487226,0.32638323322926327,0.9918501191125995,0.7840850594186999,0.01156792890865525,0.26511513568386647,0.8615214571851719,0.4543425265761246
887,0.23280086314128498,1.0,0.982454518796085,1.0,0.9963288172332052,0.7963621209732706,0.4869907598998889,0.5967593114536275,0.7614620489371704
888,1.0,1.0,0.04163093618867048,0.7817497965999878,0.3281002602521563,0.6387199332482185,0.3396984712207393,0.37364505748295046,0.5629430568740904
889,0.29347989706961697,0.4478512024787964,1.0,0.797296925563924,0.4065525221543015,0.9094292014146661,0.985018301459551,0.3951565063592611,0.6543480695625147
890,1.0,1.0,0.8119990686782033,0.9937470363815533,0.9767591397473202,0.6569361518217022,0.7046144924267156,0.5094774335174828,0.8316916653216221
891,0.8420801667898048,0.018414554371677067,0.6843099848078454,0.5177818042678745,0.6635301542729966,0.7679562726601065,0.549826405620778,0.9405893632192441,0.6230610882512908
892,1.0,0.5231799652479163,0.6996069654562942,0.4595140348852689,0.45315195353683735,0.5822220602269992,0.23286939901069034,0.3055599974839096,0.5320130469809895
893,0.0,0.7831381929178325,1.0,0.42542865276426006,1.0,0.9049688473261672,0.2175097227239678,0.6784822340557305,0.6261909562234946
894,0.9606633513117265,0.7747868484668985,1.0,1.0,1.0,0.5848749988614578,0.47367692806081957,0.26096315164180595,0.7568706597928385
895,0.27575656829214407,0.6068521063725442,0.4691451322266819,1.0,1.0,0.6539499624763274,0.8541173944391615,0.6770434562979546,0.6921080775131017
896,0.6617598100720171,0.8464179327253287,1.0,0.5726771934107124,0.9133811094981178,0.760651261705348,0.5753414983830694,0.6329500099489569,0.7453973519679438
897,0.11679517921953098,1.0,1.0,0.7815141308056632,0.5900255714332799,0.8272603574497095,0.25048775499909764,0.6869686776860903,0.6566314589491715
898,0.5760922264563197,0.2735756997049041,1.0,0.6650810929411146,0.9091966481116159,0.5770210846679567,0.7052669367722634,0.8212597068613046,0.690936674439435
899,0.03505522955080572,0.996973093675381,1.0,0.7085978398494543,1.0,0.27817728917522,0.2666297379613339,0.829912624418481,0.6394182268288344
900,0.8498836837111983,0.35115448040402486,0.45398621198287364,0.911510043197476,0.5749242836688034,0.5099719953167395,0.671121480569033,0.6940816363257927,0.6270792268969927
901,1.0,1.0,0.2345174194110643,0.77783838359506,0.6427927858610485,0.8947284291573179,0.5935705232403016,0.6747136778905386,0.7272701523944164
902,0.9739946681765995,0.8933243587580708,0.03223500558475479,1.0,0.8334475109536019,0.6134411570507827,0.7630026659117001,0.3650245859166981,0.6843087440440261
903,0.903159582510658,0.8629706751765699,0.2621413248685673,1.0,0.5218417852272645,0.7941449015202812,0.7476250434757451,0.320939536958651,0.676602856217217
904,0.04326217218670418,0.5496550736339203,0.3683712567992309,1.0,0.9112870647511186,0.21931352097335108,0.6876802039495794,0.4627127220415509,0.5302852517919319
905,0.739573119790185,0.46702774898651395,0.5376984610667491,0.4405781000059349,1.0,0.8432406837831768,0.3659281502225056,0.7352684348914226,0.641164337343311
906,0.6926934625807467,0.48785854802839307,0.7361946461134016,0.8777644147573255,1.0,0.6900395671814874,0.6850275620543966,0.4103864516195358,0.6974955815419108
907,0.870412019916561,0.9758470115551303,0.789617994282023,0.6193570695763425,0.8237647220491517,0.8754517824525796,0.902367642395418,0.46778709476667474,0.790575667124235
908,0.25450528306446285,0.03468214531038136,1.0,0.8879984812495502,0.7244447279710184,0.5738074266009181,0.3298079592686049,0.39680152651128225,0.5252559437470272
909,0.10093961964895426,1.0,1.0,1.0,0.7745538425527349,0.3920849929055338,0.8309880781250911,0.7079244960362916,0.7258113786585756
910,1.0,0.42214254318492006,0.9355213836776384,0.9444279302513382,0.7544407763123784,0.9014790351208233,0.7390913870379144,0.5464460022333348,0.7804436322272936
911,1.0,1.0,0.4637692503468003,0.6686772619129707,0.29758829185865115,0.7937350707197344,0.4656943570422172,0.760028771364486,0.6811866254056075
912,0.26902103419122286,1.0,1.0,0.8626016466168182,1.0,0.6485414623612209,0.9720080402716489,0.9078531954770155,0.8325031723647408
913,0.963530964994024,1.0,1.0,1.0,0.6708340510891506,0.9089526318568568,0.4206534502504552,0.4134688585319329,0.7971799945903024
914,1.0,0.6152818798783656,0.9783720823932293,0.9922195196510333,1.0,0.4409960724314234,0.5517611359441078,0.9145268964579101,0.8116446983445087
915,0.029007531420532456,0.2800851098315492,0.9729211145305934,0.42420662473806225,0.4166514485246098,0.6948701814806056,0.48763788904442745,0.7595536827181912,0.5081166977860714
916,1.0,0.29643850512739556,0.5858313706465176,0.8077514743472296,0.47651235332378844,0.9883230044980317,0.5698782426065409,0.4394204024657012,0.6455194191269007
917,0.16148127728908557,1.0,1.0,0.4548188542347195,0.673141330007665,0.3127601779390868,0.5958601208347162,0.5390288905102019,0.5921363313519343
918,0.07953682317152304,0.8134385188866564,0.4835103112610037,1.0,0.9722977594031523,0.9748458963704373,0.9450176384663775,0.8041028234934673,0.7590937213815773
919,0.5324508969298041,0.07174255349819335,0.7736745414852205,1.0,0.742808937329128,0.6548991278060635,0.5742649089278667,0.1720287607234648,0.5652337158374676
920,0.7737272031518398,0.19137156626843504,0.23410735744286706,0.8474601267174515,0.6498163449094942,0.9041910749526898,0.8743234159166478,0.31183832119387783,0.5983544263191628
921,1.0,0.13299088892393396,0.012940482854375409,0.6799777474744317,0.5541958173804379,0.5081489970598398,0.6600317432407219,0.48545790668783617,0.5042179479526971
922,0.7679956532947138,0.14410700585233654,0.6896951476342517,1.0,0.8962228340673656,0.8083660072937925,0.7230467718595106,0.1134178518346074,0.6428564089795722
923,1.0,0.19279718509067625,1.0,1.0,0.28984527523569364,0.43137720763133525,0.6526258721755136,0.5231193068447674,0.6362206058722483
924,0.0669252831906044,0.673797821207547,1.0,0.11899255716929577,0.6220641014811048,0.6757665733549029,0.7583917569482326,0.6543795022213443,0.571289699446629
925,0.8662283515809115,0.8366585339837003,0.3982703387471638,0.5977568297153851,0.387331007465177,0.754784535501321,0.6661043405361675,0.7532010673861805,0.6575418756145008
926,0.3825631047027369,0.49402879524523197,1.0,0.48727188950340183,1.0,0.20447988217478277,0.5979055207256484,0.7523783441273051,0.6148284420598884
927,1.0,0.0,0.9376399001569814,0.44283421206857837,0.6842119339968811,0.8095507704763499,0.5209615529252897,0.44362364332339477,0.6048527516184344
928,0.7298193187093673,1.0,0.8131753096298024,0.1936381536219877,0.45485950939481,0.8272806954980452,0.7047516472534056,0.4381944039710051,0.6452148797598029
929,1.0,1.0,1.0,0.9357705383598193,0.6056586517726715,0.4286010986595617,0.6741618774717019,0.5453481245234447,0.7736925363484
930,0.11083102608890802,0.8825173021004766,0.6350328422148871,0.8182881829211935,0.39748006166276645,0.3694268861709328,0.7901328997711753,0.764488463415207,0.5960247080431933
931,0.7915466132361164,0.6099640107717627,0.7570047403125565,0.8954424475848715,0.815210852658288,0.6900107923554611,0.3880843041108042,0.7169868717949546,0.7080313291031018
932,1.0,0.15292564556081295,1.0,0.8462597494122592,0.048961628583198136,0.7597110999657445,0.5086858780321745,0.1760186215304364,0.5615703278855781
933,0.1334893379346248,0.587744493966653,0.7617446901328028,0.8005992074309084,0.9489003364682541,0.5390560072076215,0.18392832126792294,0.221972910142578,0.5221794130689207
934,0.4255143769813776,0.23228515521598406,0.24807441784009784,1.0,0.9015404657279216,0.848112318462154,0.467150440561271,0.24727265693300776,0.5462437289652268
935,0.15520835584606762,0.1330357335823437,1.0,0.4088473712613045,0.5337237863425255,0.904829522262774,0.7983587850616379,0.6115054886009805,0.5681886303697042
936,0.602902678136318,0.43061933392483537,0.9082536825555131,0.8706252399757237,0.7932943577451818,0.8407016175862934,0.5521134308049013,0.3670803986015449,0.6706988424162891
937,0.6739129390697933,1.0,0.39652425407166325,1.0,0.890719813619143,0.8596838514164763,0.4171789130530614,0.19565721701468827,0.6792096235306032
938,0.9653551235420915,0.2516905977340421,1.0,0.900437181041525,0.35493521900344605,0.8280059644040543,0.3080431075348595,0.7093921650393902,0.6647324197874261
939,1.0,0.22637356146175802,0.8263245705826089,0.9901115370499194,0.8919700745296618,0.3251925562971024,1.0,0.42570856819779246,0.7107101085148553
940,0.8033931578764891,0.5840094958648271,0.7345631371662499,0.22668054729222156,0.251754702506272,0.6899836842155029,0.7347436532274444,0.7683306361437476,0.5991823767865943
941,0.9904597877050605,1.0,0.6468216083620992,1.0,1.0,0.8300682234248469,0.7244382256190993,0.6376412930296204,0.8536786422675908
942,1.0,0.1449650999765795,1.0,2.222222222224445e-5,1.0,0.6482095587075835,0.5250053508800293,0.5112995650388141,0.6036877246031536
943,0.12532552537888414,1.0,1.0,0.2693251927633231,0.8545212011133392,0.5757528230844989,0.2979571937850928,0.20169763991866874,0.5405724470054759
944,3.3333333333366674e-5,0.6820253239280908,1.0,0.7537131406835699,0.6725822732503364,0.8343590156807558,0.8654940982495187,0.485359504295861,0.6616958361776832
945,3.3333333333366674e-5,1.0,1.0,0.42107428005343744,0.9567766152823817,0.9114401969588352,1.0,0.6776715014161454,0.7458744908805166
946,0.9451763925516721,0.06823340206559123,1.0,1.0,0.6054338804360587,0.37641768904330347,0.8209947596617191,0.33879028212286993,0.6443808007351519
947,0.005319094330008545,0.07992784008961244,0.8681149494822773,1.0,0.8267998264783311,0.8814278952986394,0.9313827802906943,0.5044262206295597,0.6371748258248904
948,0.8675688613298954,1.0,0.7068039794842993,0.2418342237141641,0.6421355801194786,0.7201338249651709,0.3401815133013225,0.1791562008105806,0.5872267729656139
949,1.0,1.0,0.9124723715444557,1.0,0.5897262438459433,0.812177498810204,0.6364208125022557,0.3490250813355556,0.7874777510048018
950,0.29016784839036397,1.0,1.0,0.802273004511127,0.8479772899658272,1.0,0.5312340561447666,0.5445612421424926,0.7520266801443222
951,0.3913382650955921,0.67723331117466,0.027789697313524573,1.0,0.8060809802967535,0.7075426567129685,0.4174281583984423,0.30798185547276796,0.5419243655580886
952,1.0,0.43401172572077323,0.7700764875069551,0.8959283316289333,0.8776249995185043,0.9539212923068084,0.5600298426621584,0.5335880781030462,0.7531475946808974
953,0.13711759605320728,0.8157606588445793,1.0,1.0,0.8424171458328905,0.9588800306109404,0.5595002337803701,0.6997711229558766,0.751680848509733
954,0.7855270539104102,0.8258145282300551,0.9232129793188706,0.6990574974526956,0.09263335767403402,0.8622186583888165,0.4995772790412971,0.6041842937527842,0.6615282059711204
955,0.4037644715339461,0.9693703731036308,1.0,0.976464736293026,0.7857203694137294,0.7864419636843412,0.9703023646680139,0.7188849390593649,0.8263686522195065
956,0.0,0.8313419007344551,0.3888452839271487,1.0,0.8327813276520425,0.5628671905849837,0.4653922697126477,0.2537420355541197,0.5418712510206747
957,0.8732069639905832,0.4730594629588543,0.7424436429805745,1.0,0.6742577852644245,0.854017781108903,0.9337367517538563,0.36042647089,0.7388936073683995
958,0.861706947972056,0.4289605740254721,0.6698842472158342,0.3264540860880535,0.6829758312167663,0.5610053709078695,0.806445198488283,0.7937830041577593,0.6414019075090117
959,0.5327245157178178,0.8927629269517915,0.9313226022103867,0.5902162273742836,0.49008427141899985,0.6080049048755861,0.7392039866327336,0.4537345995419437,0.6547567543404429
960,0.3134632147435673,0.8535606067797026,0.8991819963291257,0.6716437512703347,0.5710750404307755,0.3691177977466282,0.5753970444456489,0.8200068054929547,0.6341807821548422
961,0.2550828312809533,1.0,1.0,0.9699487336646605,0.8200943764000729,0.5454434931144071,1.0,0.8076937026243585,0.7997828921355564
962,0.933466642716592,0.35541029102452004,0.3983902364627861,0.5174709350409143,0.6323828136514742,0.7181091039727681,0.36182023123530505,0.42248015619925366,0.5424413012879516
963,0.3095716976404257,0.8082625288727434,1.0,0.964156087643819,0.9567025132360298,0.5714131034620183,0.9754707335667839,0.9580906012662599,0.8179584082110101
964,0.20080817480708965,0.3788273238766091,1.0,1.0,0.9946354768004334,1.0,0.6389003948728564,0.6168723870836719,0.7287554696800826
965,0.09760039743672336,0.9792101353406856,0.9537770442254997,0.294435197647434,1.0,0.6493376135375766,0.723900655229952,0.2301212093739229,0.6160477815989742
966,1.0,3.0357142857421037e-5,1.0,2.3611111111327477e-5,0.7553888893854275,1.0,0.6225235020775706,0.6813167253892115,0.6324103856382722
967,0.9066082868508251,1.0,1.0,0.5420536632758343,0.7546932218846114,0.8928279296002043,0.8473391926053361,0.46580233407486193,0.8011655785364592
968,1.0,1.0,0.47728677750206805,0.8738511871532575,0.40577013019624963,0.8385800104054938,0.45184276877615503,0.6255292139289393,0.7091075109952705
969,0.0,1.0,1.0,0.8983036155952157,0.38233882226098914,0.858002849933442,0.5961059983584973,0.2803328467212985,0.6268855166086804
970,0.2955761642941433,0.7015655009049038,1.0,0.40830109103898055,0.7953464124246652,1.0,0.823098792002647,0.6350476230328462,0.7073669479622733
971,0.7255657695615314,0.56619497169342,1.0,0.1850344559525979,0.7149017362743126,0.8315095802391647,0.6426235795457491,0.8156944957017458,0.6851905736210652
972,0.7629151851066117,0.20998010004359297,0.0,0.37813931518650185,0.7936944317213018,1.0,0.2946574626523663,0.5144584977759313,0.4942306240607882
973,0.7923775175114713,0.8730564688255051,0.8710418792091332,0.9150439980572391,1.0,0.7950668086301066,0.5004860280251118,0.3374526071215575,0.7605656634225155
974,0.8452465820042374,0.21609700939957244,1.0,1.0,0.9135557108614158,0.7274892266068734,0.32840340888083774,0.8543314807696055,0.7356404273153178
975,0.41186124602222063,0.7882815129216223,0.5337775272451707,1.0,0.6729779782038633,1.0,0.48014156861394053,0.7673273273520816,0.7067958950448624
976,0.9274847478518052,0.08940450378601299,0.057455825059809375,0.7304777540269525,0.31369721190637134,0.9098824843590343,0.8249274729074588,0.42820995940926926,0.5351924949133392
977,0.8805139337863515,0.8255595566861325,1.0,1.0,0.9123213524557091,0.4278815551756634,0.8687176644237065,0.3525518706124214,0.783443241642498
978,0.6303685393052261,0.46990857232095556,0.5058478464772449,0.625703745390913,0.9007245097211625,0.1508806207854389,0.6557221909568154,0.319259813126201,0.5323019797604946
979,1.0,0.9866550303979077,0.8823684109059369,0.7790612820800854,0.6999490945762793,1.0,0.7636648344908686,0.6402002376681114,0.8439873612648986
980,0.1332982403626513,1.0,0.7011448549476021,0.9521391892255607,0.6299817919216202,0.6013037341217342,0.8710529985923291,0.4946728689976888,0.6729492097711484
981,0.5832885735260817,0.7565379800310871,0.6205149374593097,0.058505279470465354,1.0,0.657587563136905,0.6753749190227626,0.4799153362293745,0.6039655736094982
982,0.044730843889601954,0.23158001795129154,2.5000000000025006e-5,1.0,0.9625550222075996,0.879954496031843,0.9657709368856611,0.5594585589666077,0.5805093594915756
983,0.14344423544578738,0.5630816885880955,0.5698035224854164,0.7642402541266433,0.9400736331959932,0.9415933586052663,0.7407072303826447,0.5601152587877405,0.6528823977021985
984,0.6079350357227763,0.44675463411229127,1.0,1.0,1.0,0.6723159567963842,0.2350326452162947,0.45829890887665925,0.6775421475905508
985,1.0,0.8437878316568671,0.515665463283415,0.8304042585692208,0.3635689656380442,0.37367715794396417,0.5448411931423758,0.6384711384539941,0.6388020010859852
986,0.5741309166980162,0.3116351146195054,0.9737710021637825,0.6211681827959492,0.582182361010716,0.49764759465420766,0.2154345707134082,0.46054795677844845,0.5295647124292542
987,1.0,0.8291351597761281,0.9511417123413733,0.7105527033535943,0.9849448205487155,0.36744263639925984,0.9823031623856843,0.49526664068873066,0.7900983544366857
988,0.2975165524250136,1.0,1.0,0.9977198571059878,0.6103693879457401,0.2718840598379164,0.838990060003602,0.40576023740337946,0.6777800193402049
989,1.0,0.8337922954572634,0.6924918918317022,1.0,0.9928953188484935,0.6613102507534884,0.37838414822564365,0.7955926350743686,0.79430831752387
990,0.15898429281894777,1.0,1.0,0.8208878015147383,0.644591954933071,0.031884730448340275,0.4967823542109832,0.3043203625628286,0.5571814370611136
991,0.8495520391774675,0.0,0.7879149453404758,1.0,0.49083920970890843,0.4027957457962117,0.7275656620951636,0.3557460555672748,0.5768017072106878
992,0.5339384477530144,1.0,0.7674576692422893,0.5850333692189738,0.38330960615535037,0.1631277875356728,0.6265038382603493,0.5171686539053411,0.5720674215088739
993,0.23721223562225188,0.6255129369375446,1.0,1.0,0.8364363549931328,0.2723685370763566,0.8640925407866777,0.5781431847735596,0.6767207237736904
994,0.018110662690553246,0.7557225878305978,1.0,0.9026338133685483,0.5483589816273751,1.0,0.767495157098818,0.18654259692175967,0.6473579749422065
995,0.9561237894160602,1.0,1.0,0.8920489708935667,0.6577044191674037,0.5356823413072479,0.8834480226522226,0.5702524479793997,0.8119074989269875
996,3.3333333333366674e-5,1.0,1.0,0.728041028380986,0.7116780979061802,0.5733379135010633,0.1715728075202677,0.47453854356078307,0.5824002155253267
997,0.49865340130517505,1.0,0.920310569323998,0.83423106579655,0.872498436896518,1.0,0.2944301548949535,0.5468943964529889,0.7458772530837728
998,0.31383403573679675,0.29605061525682613,0.9166233734266298,1.0,0.3334048691326367,0.7204567534354172,0.9521269771831851,0.46822982216652426,0.625090805792252
999,0.34664942756437817,0.6371173952376281,0.33845391830977933,0.036396423540864385,1.0,0.8339278431079857,0.9402097683168831,0.7518148525908095,0.6105712035835411
1000,0.17740931631846368,1.0,0.3838532939303197,0.9055741106765463,0.64482854025079,1.0,0.5425022362846927,0.4578744834243492,0.6390052476106451
